0.65894156 0.63961651 0.43256803
0.65895345 0.64433607 0.43257050
0.65896247 0.64532098 0.43255386
0.65896500 0.64534169 0.43356760
0.65896507 0.64434415 0.43456293
0.65897736 0.64146844 0.43461386
0.65898705 0.64632320 0.43457168
0.65899760 0.64535151 0.43559564
0.65901697 0.64629641 0.43556615
0.65991051 0.64056047 0.43564239
0.65991244 0.63669864 0.43157443
0.66000783 0.64625366 0.43759589
0.66000803 0.64726208 0.43759415
0.66081092 0.64046569 0.41802265
0.66082341 0.64621873 0.41228962
0.66082909 0.65000795 0.42185767
0.66082996 0.64721539 0.41328466
0.66086262 0.64333192 0.41327460
0.66087698 0.64237025 0.41419082
0.66088974 0.63475447 0.42866922
0.66090150 0.63477691 0.43363116
0.66094191 0.63375339 0.43258723
0.66094331 0.63376568 0.43056273
0.66094745 0.63374511 0.43154334
0.66174153 0.65281613 0.41985358
0.66177159 0.64713357 0.41041008
0.66177245 0.64618179 0.41037882
0.66178969 0.64431577 0.41130398
0.66268342 0.65471529 0.41794380
0.66271508 0.64710772 0.40944103
0.66273940 0.65579398 0.42680297
0.66274307 0.65580193 0.42381827
0.66274528 0.64234855 0.41232346
0.66283926 0.63765002 0.43758179
0.66360328 0.65656341 0.41617193
0.66380073 0.63174696 0.42963907
0.66380834 0.63174095 0.42864073
0.66382330 0.63767307 0.43864509
0.66455152 0.65950559 0.41908371
0.66455212 0.64901228 0.40764060
0.66481703 0.63277543 0.43756920
0.66483066 0.63175485 0.43651576
0.66550149 0.64799444 0.40669346
0.66550804 0.64900453 0.40669456
0.66575986 0.64333867 0.44160975
0.66580936 0.64149923 0.44163309
0.66582018 0.63175551 0.43756329
0.66671799 0.63070995 0.43360811
0.66674264 0.63071222 0.43457115
0.66679313 0.63072658 0.43655573
0.66771659 0.63172225 0.43855388
0.66845910 0.65569953 0.44144312
0.66850292 0.63466336 0.41616391
0.66944194 0.63365848 0.41712161
0.66954354 0.62970500 0.42970640
0.66970893 0.63165398 0.43955806
0.66977506 0.62967982 0.43851614
0.67037028 0.66438005 0.43760290
0.67038063 0.66537351 0.43657293
0.67045451 0.65375923 0.44441352
0.67053132 0.64052935 0.44356915
0.67133762 0.66335633 0.43960492
0.67249928 0.62866431 0.42883555
0.67254837 0.62865369 0.42983282
0.67321734 0.66628688 0.43862518
0.67611022 0.64128208 0.40374781
0.67620040 0.66051541 0.44449518
0.67621583 0.66242419 0.44354340
0.67631148 0.64800967 0.44830311
0.67632243 0.64893747 0.44832936
0.67700442 0.63277342 0.40942977
0.67705065 0.64033397 0.40375168
0.67722866 0.64514678 0.44829973
0.67731757 0.65180063 0.44838303
0.67803783 0.64324155 0.40181923
0.67815940 0.62769997 0.42202583
0.67816428 0.64425839 0.44833904
0.67822593 0.64712281 0.44924824
0.67824690 0.64896980 0.44928264
0.67826006 0.64989894 0.44930058
0.67832886 0.62668066 0.42696007
0.67894940 0.63941879 0.40372800
0.67899355 0.64227874 0.40183483
0.67919033 0.64615327 0.44928902
0.67931538 0.62669763 0.42798149
0.67931972 0.63654735 0.44547989
0.67997392 0.68661922 0.41241233
0.68007118 0.65860330 0.44738299
0.68085316 0.68552036 0.40860905
0.68085978 0.68653005 0.40961113
0.68117278 0.64032856 0.44735593
0.68173781 0.68835372 0.40966142
0.68266862 0.68928513 0.41161281
0.68267871 0.68925067 0.40872414
0.68268866 0.68828546 0.40770633
0.68280408 0.68848745 0.41821059
0.68296854 0.62671987 0.42017042
0.68358794 0.69018728 0.41062863
0.68361225 0.69018775 0.40965701
0.68380028 0.67891266 0.43465665
0.68395786 0.62780077 0.41238865
0.68463698 0.68934652 0.41825855
0.68470163 0.67953955 0.39486309
0.68590644 0.62876491 0.40857501
0.68592808 0.62779255 0.40951484
0.68644422 0.69207067 0.41059654
0.68647735 0.69209906 0.41259679
0.68652237 0.67950989 0.39213820
0.68657146 0.67668828 0.39116542
0.68688681 0.62970874 0.40758833
0.68746707 0.67949967 0.39122420
0.68746934 0.67664246 0.39023892
0.68749138 0.67571966 0.39021343
0.68749379 0.69209966 0.41459059
0.68758977 0.66998092 0.44639620
0.68770172 0.66603727 0.44836135
0.68773900 0.66316843 0.44931661
0.68774334 0.67993785 0.43649398
0.68780292 0.65555893 0.45027350
0.68838038 0.69304710 0.41065452
0.68845071 0.69307696 0.41262374
0.68846567 0.69209632 0.41557100
0.68858177 0.67096169 0.44637997
0.68859539 0.67593408 0.44247816
0.68862719 0.67690557 0.44151506
0.68875290 0.65462899 0.45027173
0.68876793 0.66408989 0.44932856
0.68880099 0.62778320 0.40951664
0.68883185 0.65839663 0.45027804
0.68939895 0.68709969 0.39503860
0.68940149 0.68611678 0.39404314
0.68954464 0.67289478 0.44545708
0.68960342 0.66991219 0.44738609
0.68961290 0.66788292 0.44839913
0.68966420 0.62669863 0.43566430
0.68969813 0.62482867 0.42516452
0.68971350 0.65463279 0.45027253
0.68973280 0.62481123 0.42414150
0.68975217 0.67893324 0.43944898
0.68978236 0.66030120 0.45027700
0.69040557 0.69212485 0.41654094
0.69045180 0.69121227 0.41841919
0.69058425 0.67192897 0.44643775
0.69069019 0.62481644 0.42513813
0.69124988 0.68990687 0.39510931
0.69148387 0.62770291 0.44139373
0.69164144 0.67494068 0.44442908
0.69164585 0.67390875 0.44546199
0.69169635 0.66892207 0.44839555
0.69174037 0.67893170 0.43946558
0.69237126 0.62769476 0.44138043
0.69240539 0.62675200 0.43756850
0.69265180 0.62969865 0.40668007
0.69269228 0.63069946 0.40566269
0.69270297 0.67597182 0.44340787
0.69307629 0.69079306 0.39417002
0.69310555 0.68793157 0.39218132
0.69310909 0.67845611 0.38652768
0.69315344 0.69387604 0.39910449
0.69328450 0.62770512 0.44140371
0.69360686 0.66690101 0.44934610
0.69362242 0.67090732 0.44743779
0.69425371 0.62675694 0.43850612
0.69465068 0.67297039 0.44638972
0.69475789 0.67491256 0.44442989
0.69537723 0.63748196 0.40079608
0.69544489 0.63068938 0.40566359
0.69546393 0.62967922 0.40666217
0.69563346 0.67094032 0.44740640
0.69566999 0.67298936 0.44636397
0.69570653 0.67396880 0.44534840
0.69626916 0.62674579 0.43847436
0.69639640 0.63069666 0.40567689
0.69642306 0.66696226 0.44933234
0.69653294 0.66897317 0.44838209
0.69696618 0.67830201 0.38468350
0.69731632 0.66035744 0.45029721
0.69731813 0.62674619 0.43848738
0.69733830 0.63072184 0.44540094
0.69737550 0.62978295 0.44446485
0.69744243 0.62574992 0.42203421
0.69796472 0.67824784 0.38465448
0.69826470 0.63169159 0.44636217
0.69830778 0.62674713 0.43845886
0.69832408 0.66230996 0.45029060
0.69833503 0.62977153 0.44447334
0.69843156 0.66703180 0.44929767
0.69921107 0.63643613 0.44827525
0.69927493 0.62977948 0.44446529
0.69930685 0.65940700 0.45029451
0.69934887 0.66133788 0.45028582
0.69968940 0.69373697 0.39242696
0.69998758 0.69500764 0.41467836
0.70014642 0.65182053 0.45026668
0.70017527 0.62976351 0.44442124
0.70029344 0.65941969 0.45029263
0.70031822 0.66038195 0.45027447
0.70037393 0.62678019 0.43846778
0.70097636 0.69306226 0.41865508
0.70110254 0.63165886 0.44634798
0.70111897 0.63069813 0.44533127
0.70117328 0.65180530 0.45026388
0.70123660 0.62874307 0.44242954
0.70133025 0.62675340 0.43748420
0.70160338 0.68603329 0.38466730
0.70190737 0.69499689 0.41475094
0.70215171 0.62668687 0.43080160
0.70216106 0.65275849 0.45023906
0.70219980 0.62670524 0.43465057
0.70222372 0.62962257 0.40959880
0.70225491 0.62675334 0.43655219
0.70229192 0.62774593 0.43946238
0.70235410 0.68180034 0.43563541
0.70238283 0.66516932 0.44927563
0.70252984 0.68692749 0.38465908
0.70261615 0.68408063 0.38370917
0.70302801 0.69216512 0.42064758
0.70303656 0.68933449 0.42537155
0.70309748 0.63164730 0.44533394
0.70313522 0.62967387 0.44239103
0.70317670 0.65565338 0.45023532
0.70319387 0.65754779 0.45023880
0.70324363 0.62772803 0.43850335
0.70326668 0.68179867 0.43562706
0.70350454 0.68599949 0.38369915
0.70367948 0.69860155 0.39530145
0.70395501 0.69214575 0.42068345
0.70402722 0.63849326 0.44925298
0.70415246 0.63160582 0.40763445
0.70418993 0.62772235 0.43754475
0.70425733 0.66329922 0.44928638
0.70451142 0.68989057 0.38568775
0.70453801 0.69088257 0.38664384
0.70501914 0.63845579 0.44922152
0.70511092 0.62766090 0.41718232
0.70513410 0.63266241 0.44530863
0.70514853 0.63364465 0.44628672
0.70514906 0.62865670 0.43848792
0.70515053 0.62963861 0.44041252
0.70523376 0.66711957 0.44830130
0.70604600 0.63731738 0.40286309
0.70605195 0.63948398 0.44920389
0.70605475 0.63542297 0.40472868
0.70605642 0.62763612 0.42192266
0.70607386 0.63637542 0.40379293
0.70607559 0.62765268 0.41819873
0.70608742 0.63059606 0.40958060
0.70609423 0.63252040 0.40763015
0.70610906 0.63551635 0.44723770
0.70611888 0.63458374 0.44629561
0.70701903 0.64138067 0.44922383
0.70707701 0.63651328 0.44725013
0.70708769 0.62957107 0.41246617
0.70731360 0.68496862 0.38280939
0.70731574 0.68305203 0.38281855
0.70753009 0.70056730 0.39935729
0.70753790 0.70054138 0.39839144
0.70799245 0.65568317 0.44922413
0.70799853 0.63441327 0.40668975
0.70806459 0.65863236 0.44920950
0.70807407 0.63057309 0.41056351
0.70827540 0.68590150 0.38281945
0.70827673 0.68305083 0.38280883
0.70847078 0.69671729 0.39053840
0.70851687 0.69031433 0.42341065
0.70854940 0.68933156 0.42533218
0.70923974 0.68692161 0.38283304
0.70924495 0.68987548 0.38382827
0.70945723 0.70058527 0.40136358
0.70960010 0.68828052 0.42638870
0.70992066 0.62957909 0.41523895
0.70993034 0.62864735 0.42198852
0.70995252 0.62867012 0.42293412
0.70997871 0.63053234 0.41244767
0.71015284 0.68400134 0.38280332
0.71059156 0.68254865 0.43303309
0.71081707 0.62958023 0.41618856
0.71085394 0.65859001 0.44831209
0.71111758 0.68884087 0.38285976
0.71138463 0.70061439 0.40136485
0.71151956 0.68826635 0.42545589
0.71154915 0.68632438 0.42832228
0.71171755 0.66914410 0.44644944
0.71172009 0.62958577 0.41713914
0.71180338 0.63054697 0.41422612
0.71262491 0.67307486 0.44346946
0.71268603 0.62959419 0.41911351
0.71276692 0.62960420 0.42208504
0.71297018 0.62973546 0.43180855
0.71299443 0.62972671 0.43080250
0.71313376 0.68889925 0.38286517
0.71327584 0.68929963 0.42258929
0.71332347 0.70058433 0.40036751
0.71362111 0.66813561 0.44648003
0.71404400 0.68302177 0.38283454
0.71427685 0.70056844 0.40037165
0.71432421 0.68727877 0.42552963
0.71432708 0.69962494 0.40236115
0.71440483 0.67210451 0.44354747
0.71459113 0.63053181 0.42012023
0.71505329 0.68402232 0.38284560
0.71515542 0.70049095 0.39153884
0.71558840 0.63339623 0.41524997
0.71560416 0.63250584 0.41714569
0.71561104 0.63055358 0.42503400
0.71567136 0.63058852 0.42699471
0.71573141 0.63245641 0.43467331
0.71573949 0.63063046 0.42895541
0.71574791 0.63063160 0.43082651
0.71576247 0.63157717 0.43372677
0.71576794 0.63065358 0.43183380
0.71606906 0.68401363 0.38287195
0.71607254 0.69867797 0.38972906
0.71609772 0.68793852 0.38290531
0.71614568 0.68986800 0.38390265
0.71620038 0.68447433 0.42925676
0.71623472 0.70052535 0.39838834
0.71626665 0.70053076 0.39939569
0.71645575 0.64898516 0.44547882
0.71646263 0.64408331 0.44447992
0.71647739 0.64802871 0.44545351
0.71652715 0.63148953 0.42414026
0.71654772 0.63250978 0.41902286
0.71707074 0.68501818 0.38289062
0.71718677 0.69088744 0.38491061
0.71728803 0.67014497 0.44263767
0.71730580 0.69957858 0.40042165
0.71754172 0.63238554 0.43188276
0.71804557 0.67814130 0.38386939
0.71824355 0.69957885 0.39946810
0.71827782 0.68923123 0.41962493
0.71839197 0.64611519 0.44355873
0.71843145 0.63334867 0.42896490
0.71906307 0.67814370 0.38388271
0.71923534 0.67009027 0.44076647
0.71929158 0.66808718 0.44169651
0.71936406 0.63428923 0.42995081
0.71938824 0.64505266 0.44253357
0.71944675 0.63919462 0.43764107
0.72007825 0.67813115 0.38391457
0.72012654 0.69024212 0.41667040
0.72013589 0.67296472 0.43787817
0.72017617 0.67200986 0.43884504
0.72035932 0.64498927 0.44154034
0.72039726 0.63918614 0.43671150
0.72100244 0.67502211 0.43486889
0.72111145 0.69865465 0.39751174
0.72121752 0.66422127 0.44075899
0.72133756 0.64013819 0.43577529
0.72135412 0.64107127 0.43668181
0.72200018 0.67499840 0.43393905
0.72211780 0.68922682 0.41672487
0.72213390 0.67194507 0.43694275
0.72294955 0.67909241 0.38396674
0.72302644 0.67497696 0.43296323
0.72305930 0.68827824 0.41671154
0.72310813 0.67294361 0.43497520
0.72315776 0.65371167 0.44068806
0.72317820 0.65175608 0.44065960
0.72322729 0.64878143 0.43963060
0.72398844 0.67499051 0.43200811
0.72407040 0.68636393 0.41768320
0.72407093 0.67294261 0.43400395
0.72413519 0.66609859 0.43694385
0.72414060 0.65269203 0.43969937
0.72414127 0.65658164 0.43971911
0.72424861 0.64876180 0.43763045
0.72488611 0.68007993 0.38399119
0.72500882 0.67499279 0.43098856
0.72502004 0.67395477 0.43203699
0.72504402 0.67292604 0.43303049
0.72522223 0.64123225 0.41824011
0.72587089 0.68111427 0.38397205
0.72596661 0.69101983 0.40308853
0.72600388 0.69099024 0.40033802
0.72605926 0.68727009 0.41170723
0.72606480 0.68818279 0.40983910
0.72607429 0.67592700 0.42805483
0.72608237 0.67187634 0.43201659
0.72611837 0.65750904 0.43765767
0.72612432 0.65559700 0.43763416
0.72613747 0.65370098 0.43757665
0.72623186 0.64221950 0.41825364
0.72628750 0.64221014 0.42215912
0.72703402 0.67770672 0.42440788
0.72707456 0.67680143 0.42527159
0.72708411 0.67587724 0.42617144
0.72710228 0.65748179 0.43662159
0.72714296 0.65943391 0.43564269
0.72714343 0.66132318 0.43473610
0.72714764 0.67188388 0.42893450
0.72781079 0.68319658 0.38500579
0.72803369 0.67856993 0.41957200
0.72804150 0.67753686 0.42055260
0.72879577 0.68009282 0.38497243
0.72883004 0.68216090 0.38503117
0.72909027 0.65644879 0.43262577
0.72911519 0.65455591 0.43167279
0.72983946 0.68118935 0.38602383
0.72987687 0.68410274 0.39929897
0.72988148 0.68410441 0.39831473
0.72988936 0.68409051 0.39737614
0.72992536 0.68317567 0.40110695
0.73009115 0.64789959 0.42222344
0.73010284 0.64792691 0.42502281
0.73010331 0.64888544 0.42029236
0.73011727 0.64892104 0.42503076
0.73012201 0.65170992 0.42502124
0.73073073 0.66881967 0.39239804
0.73081469 0.67912220 0.38598289
0.73169760 0.66883590 0.39337764
0.73178223 0.67635456 0.39159047
0.73276568 0.66598971 0.40203308
0.73277696 0.66596653 0.40297030
0.73281591 0.67076057 0.40194053
