0.02807170 0.45431391 0.32980299
0.02807502 0.45622692 0.32984324
0.02807960 0.46098065 0.33178534
0.02808125 0.45331514 0.32783838
0.02808140 0.45621760 0.33281711
0.02808235 0.45331504 0.32689044
0.02808677 0.45424851 0.32689398
0.02809873 0.45621313 0.33380409
0.02810625 0.45810163 0.33475647
0.02811096 0.45905792 0.33475083
0.02811166 0.46099264 0.33374935
0.02904243 0.45139882 0.32587757
0.02905654 0.45816766 0.32587577
0.02911722 0.45524926 0.32385114
0.02912368 0.45430713 0.32387305
0.02912905 0.45720342 0.32485175
0.02997817 0.46478377 0.33073664
0.03012044 0.45140496 0.32192059
0.03097325 0.46578488 0.32873525
0.03099120 0.46772204 0.33168508
0.03105983 0.46874185 0.33374768
0.03110224 0.46874573 0.33472945
0.03110660 0.46777193 0.33574813
0.03199582 0.44356067 0.32590653
0.03199777 0.45140089 0.31807512
0.03205317 0.47068916 0.33277152
0.03205894 0.44063936 0.33672994
0.03207807 0.47069538 0.33378809
0.03208241 0.46578989 0.33774180
0.03208595 0.44063692 0.33579556
0.03211718 0.46972486 0.33577949
0.03297712 0.43971744 0.32787231
0.03303319 0.47169131 0.33175568
0.03303579 0.43780205 0.33952162
0.03304402 0.43881559 0.34053392
0.03305924 0.47171435 0.33280145
0.03378665 0.45718705 0.31350128
0.03388228 0.44268964 0.32111382
0.03396748 0.43686517 0.32890208
0.03400299 0.43885583 0.34254797
0.03472526 0.45525323 0.31261168
0.03476464 0.46302602 0.31347519
0.03481321 0.44175773 0.32017477
0.03489112 0.43388548 0.34042678
0.03491092 0.43688227 0.32693028
0.03494861 0.43688718 0.34250936
0.03499176 0.47362593 0.33380239
0.03499319 0.47366070 0.33075113
0.03564822 0.45530530 0.31164708
0.03565363 0.45814902 0.31163519
0.03565798 0.45327362 0.31263112
0.03567718 0.45913166 0.31161592
0.03573297 0.46587873 0.31255157
0.03579679 0.43201455 0.33949327
0.03584990 0.43294215 0.34044405
0.03589374 0.47454515 0.33375784
0.03589587 0.43588276 0.32695643
0.03592222 0.43491241 0.32889483
0.03594075 0.47360897 0.33573043
0.03595372 0.47459234 0.33178928
0.03660877 0.45718842 0.31068220
0.03660946 0.45819254 0.31068287
0.03661231 0.45328421 0.31168158
0.03661290 0.45531208 0.31067987
0.03662780 0.45917321 0.31068020
0.03665314 0.46583464 0.31160970
0.03677596 0.43790218 0.34441850
0.03682111 0.43397048 0.32989230
0.03688374 0.47258638 0.33770767
0.03752128 0.46774017 0.31352345
0.03753419 0.46677446 0.31163048
0.03756025 0.46486940 0.31066444
0.03758995 0.45626446 0.30971296
0.03773087 0.43887938 0.34530896
0.03778923 0.47451606 0.33672500
0.03779529 0.47551330 0.33371365
0.03782926 0.47354898 0.33771826
0.03854475 0.45433672 0.30973149
0.03862178 0.43694609 0.34528612
0.03939052 0.44556295 0.31365311
0.03954267 0.43595123 0.34523151
0.03954646 0.46205403 0.30870851
0.03956277 0.45629024 0.30867952
0.03956458 0.45536488 0.30869147
0.03956751 0.45818810 0.30867190
0.03958060 0.45721564 0.30866799
0.04041262 0.46670533 0.30972445
0.04046481 0.46381338 0.30866833
0.04148942 0.43791481 0.34722318
0.04233990 0.46569263 0.30872046
0.04239174 0.43602998 0.34721476
0.04242700 0.46286093 0.30767757
0.04243354 0.47740023 0.32510420
0.04244457 0.47836012 0.32703088
0.04246678 0.45920694 0.30770122
0.04257807 0.47548634 0.33865417
0.04339247 0.46373660 0.30764741
0.04341252 0.47935181 0.32804748
0.04342774 0.47935202 0.32898263
0.04436527 0.46863047 0.30967138
0.04439428 0.46375858 0.30766348
0.04442030 0.46666258 0.30867788
0.04546569 0.46665072 0.30863981
0.04632283 0.47737611 0.31930197
0.04636407 0.47445310 0.31444624
0.04638745 0.47155241 0.31155433
0.04640530 0.47060407 0.31060993
0.04644931 0.46662928 0.30863069
0.04719264 0.42638976 0.33259284
0.04719562 0.42636859 0.33074041
0.04738293 0.47540509 0.31537855
0.04745283 0.47157291 0.31155296
0.04827030 0.48123430 0.32711537
0.04829221 0.47833644 0.31931176
0.04832914 0.47733270 0.31735997
0.04833804 0.46110476 0.30768562
0.04853342 0.46861103 0.30959523
0.04928946 0.48124436 0.32614198
0.04935672 0.47734943 0.31736037
0.05003568 0.42735374 0.32318397
0.05013170 0.43976226 0.30775218
0.05028773 0.45918313 0.30767500
0.05038096 0.47735083 0.31735740
0.05103412 0.42732137 0.32220477
0.05107042 0.42827860 0.32030001
0.05111094 0.47352747 0.34825996
0.05121696 0.44364022 0.30670398
0.05122253 0.48222890 0.33001497
0.05122508 0.48224353 0.33188136
0.05126749 0.48027704 0.32220821
0.05132164 0.45822814 0.30768295
0.05145423 0.47529033 0.31539368
0.05145614 0.47631158 0.31638407
0.05202678 0.42823895 0.31935187
0.05202789 0.42730307 0.32121916
0.05204376 0.47163063 0.35199838
0.05211487 0.43982435 0.30672936
0.05217430 0.48222052 0.33375346
0.05223274 0.44470345 0.30668518
0.05296255 0.42823508 0.31935875
0.05297687 0.47258247 0.35106360
0.05300247 0.46982405 0.35482136
0.05320561 0.44370525 0.30669456
0.05324749 0.48220879 0.32809317
0.05388443 0.42538541 0.32789986
0.05394803 0.43597056 0.30773699
0.05395372 0.46687453 0.35768933
0.05396932 0.47161777 0.35299538
0.05406457 0.43890162 0.30669967
0.05423194 0.48220489 0.32806969
0.05486786 0.46500774 0.35858500
0.05489503 0.46593263 0.35863202
0.05494282 0.43496124 0.30776538
0.05495471 0.46787083 0.35769477
0.05495907 0.43602226 0.30674269
0.05503132 0.42724422 0.32127881
0.05507387 0.48224253 0.33372834
0.05514746 0.44182840 0.30671874
0.05518764 0.48218775 0.32896630
0.05594409 0.43601699 0.30675030
0.05594701 0.43700554 0.30671240
0.05596278 0.43498218 0.30777249
0.05597083 0.43796554 0.30670308
0.05597657 0.43893983 0.30670465
0.05604154 0.43993616 0.30671203
0.05610731 0.44089709 0.30673848
0.05611588 0.48218314 0.33083840
0.05613409 0.48217950 0.32988308
0.05620344 0.46875601 0.31063374
0.05670414 0.46106218 0.35858119
0.05695326 0.43601538 0.30676016
0.05785756 0.47453784 0.35101353
0.05790925 0.43502032 0.30779463
0.05800607 0.43998082 0.30768378
0.05819536 0.47631265 0.32214118
0.05963135 0.46308150 0.35956056
0.05964833 0.42546447 0.32492672
0.05972608 0.42641241 0.32305539
0.06064202 0.42548651 0.32489513
0.06064866 0.46111277 0.35957415
0.06067661 0.46209101 0.35957592
0.06078997 0.47456035 0.35192567
0.06166404 0.46502540 0.35956634
0.06177592 0.47456930 0.35191245
0.06191681 0.43700541 0.31074893
0.06348525 0.46121567 0.35960137
0.06388163 0.44094983 0.31162433
0.06397770 0.46395155 0.31449815
0.06446210 0.46500967 0.35956640
0.06559768 0.47265127 0.35386891
0.06575787 0.44189630 0.31347780
0.06641510 0.46025270 0.35958604
0.06646403 0.46699175 0.35857124
0.06647225 0.47176255 0.35475343
0.06657625 0.47361424 0.35291349
0.06737247 0.46990301 0.35659120
0.06749783 0.47362944 0.35290481
0.06840065 0.46693124 0.35858523
0.06840231 0.46887424 0.35759027
0.06842768 0.45833445 0.35958457
0.06865738 0.44288305 0.31635973
0.06938521 0.46693995 0.35856449
0.06941019 0.45734586 0.35957970
0.06941644 0.47271416 0.35377286
0.06958454 0.44193925 0.31730025
0.07034730 0.46598857 0.35857324
0.07037619 0.46883851 0.35759541
0.07039916 0.43999043 0.31815431
0.07042211 0.46027264 0.35952359
0.07043588 0.45735555 0.35955902
0.07129137 0.44000015 0.31905012
0.07134001 0.44297570 0.31906575
0.07141562 0.45064739 0.31918284
0.07141901 0.45835285 0.32107728
0.07144598 0.44966598 0.31920118
0.07151822 0.47545545 0.33360334
0.07235323 0.45061676 0.32011585
0.07235639 0.47742254 0.34136454
0.07236867 0.47740176 0.33931826
0.07249681 0.47545321 0.33456420
0.07320078 0.47559823 0.34607875
0.07325505 0.47653665 0.34320798
0.07332033 0.47363415 0.33266047
0.07334960 0.47642293 0.33833970
0.07425812 0.47264025 0.33263162
0.07425961 0.47555648 0.33833819
0.07427078 0.47367219 0.33365059
0.07427361 0.47555264 0.34031102
0.07427911 0.47554512 0.33932070
0.07617613 0.46876383 0.33252741
0.07622554 0.47166058 0.35374043
0.07713614 0.47171496 0.33740795
0.07912246 0.46684053 0.33547373
0.07917029 0.46873584 0.33743998
0.07920543 0.47070436 0.34708401
0.07923702 0.47069451 0.34515185
0.07962360 0.41509801 0.35558257
0.07962634 0.41611622 0.35660429
0.08017733 0.46971898 0.34990428
0.08110352 0.46686551 0.35372540
0.08118133 0.46874542 0.34326002
0.08201999 0.46209665 0.35657323
0.08209403 0.46308387 0.33749135
0.08249985 0.41319091 0.35454850
0.08251149 0.41512837 0.35656301
0.08300812 0.46121203 0.33746657
0.08304199 0.46308951 0.35556173
0.08305345 0.46406023 0.35458941
0.08307616 0.46687529 0.34988053
0.08309019 0.46496291 0.34130412
0.08345497 0.41320173 0.35555148
0.08392635 0.45549991 0.33650594
0.08397864 0.46594078 0.35177388
0.08398665 0.46023400 0.35655830
0.08400738 0.46496605 0.34329128
0.08439926 0.41613736 0.35755383
0.08443306 0.41318637 0.35356171
0.08453654 0.44118088 0.35864128
0.08492348 0.46500376 0.35176232
0.08494421 0.46401073 0.35276276
0.08495549 0.46216218 0.35456206
0.08496294 0.46404460 0.34425248
0.08496328 0.46023143 0.35557038
0.08497133 0.46498816 0.34608747
0.08538197 0.41320807 0.35555305
0.08585019 0.45741499 0.33942156
0.08588088 0.46406150 0.34980890
0.08588597 0.46303073 0.35182805
0.08588769 0.46404109 0.34794037
0.08590520 0.46117964 0.35363957
0.08591076 0.46122987 0.34330888
0.08591122 0.46028710 0.34233582
0.08683283 0.45642982 0.34135675
0.08685044 0.45932303 0.34425014
0.08685223 0.46122903 0.34704774
0.08687324 0.45742525 0.34233980
0.08687338 0.46209455 0.34984156
0.08725619 0.41516090 0.35749949
0.08781727 0.45839917 0.35083435
0.08963719 0.45203392 0.35166006
0.08965510 0.45289672 0.35075557
0.08966181 0.45290554 0.34982372
0.09013347 0.41518067 0.35748964
0.09114611 0.41322965 0.35545289
0.09117331 0.42101723 0.35854719
0.09209763 0.41231310 0.35448461
0.09215047 0.42102248 0.35853133
0.09216319 0.42199236 0.35854572
0.09305968 0.41516915 0.35645897
0.09306739 0.41233154 0.35447616
0.09307027 0.41232660 0.35349836
0.09312688 0.41715487 0.35750637
0.09320150 0.42963951 0.35663418
0.09402030 0.41329481 0.35446717
0.09403041 0.41327708 0.35348861
0.09404753 0.41517867 0.35544758
0.09407278 0.42296368 0.35757664
0.09409262 0.42197533 0.35755179
0.09418106 0.42095338 0.34866347
0.09506026 0.42098567 0.35557061
0.09506433 0.42294982 0.35659651
0.09507523 0.42002040 0.35455858
0.09511122 0.42577831 0.35558958
0.09515220 0.42673467 0.35455852
0.09606610 0.42386613 0.34964715
0.09606627 0.42387027 0.35153879
0.09606884 0.42387839 0.35061256
