0.47839152 0.95951627 0.55397959
0.47933445 0.95858674 0.55688490
0.47936514 0.96058281 0.55693750
0.48036158 0.96158876 0.55193920
0.48131336 0.95854359 0.55091548
0.48132491 0.96061494 0.55093161
0.48133764 0.95959583 0.55091240
0.48217009 0.95272957 0.55390725
0.48218067 0.95271754 0.55783795
0.48219106 0.95769147 0.56076784
0.48220505 0.95370706 0.55983566
0.48221324 0.95569272 0.56082228
0.48318035 0.95565905 0.56181240
0.48319277 0.95068106 0.55586853
0.48319621 0.95066543 0.55688450
0.48324564 0.96458458 0.55690631
0.48325917 0.95275702 0.55178570
0.48328806 0.96554371 0.55198455
0.48332573 0.96552454 0.55093715
0.48337442 0.95755553 0.54980278
0.48413837 0.95862815 0.56277761
0.48417752 0.96070525 0.56177399
0.48428175 0.95071178 0.55182918
0.48429792 0.96647084 0.55094213
0.48430166 0.95277659 0.55072965
0.48433111 0.96450569 0.54987546
0.48433135 0.95469031 0.54976755
0.48513244 0.95867017 0.56376659
0.48529322 0.96749503 0.55195456
0.48607941 0.95666327 0.56472131
0.48608839 0.95562145 0.56473247
0.48617907 0.96071106 0.56376873
0.48713115 0.94881537 0.54989824
0.48717654 0.95091377 0.54883834
0.48726648 0.96248203 0.54784909
0.48806129 0.94581681 0.55097873
0.48806149 0.94484185 0.55196522
0.48806583 0.94871230 0.56379398
0.48809726 0.94890374 0.54889282
0.48897904 0.95566353 0.56670289
0.49089740 0.95367099 0.56764339
0.49353535 0.93470618 0.56184773
0.49370875 0.94393756 0.56657077
0.49377224 0.95459198 0.56957400
0.49379121 0.95362691 0.56958302
0.49452237 0.93468133 0.56378656
0.49559648 0.94019670 0.56658800
0.49843687 0.92790424 0.56081353
0.49936881 0.92506853 0.55665629
0.49937088 0.92504095 0.55766050
0.49937318 0.92792287 0.56182195
0.50032754 0.92501262 0.55975103
0.50035476 0.92409157 0.55669142
0.50049653 0.96140387 0.57340183
0.50126953 0.92599941 0.56175095
0.50134521 0.92306645 0.55769931
0.50134585 0.92407407 0.55565368
0.50142353 0.96831395 0.57237070
0.50145743 0.94789692 0.57247423
0.50224499 0.92603247 0.56276592
0.50243122 0.96240321 0.57435047
0.50244177 0.96136880 0.57435749
0.50244324 0.96343448 0.57432923
0.50245116 0.94979761 0.57342107
0.50432727 0.92114385 0.55559459
0.50448958 0.96139038 0.57535222
0.50522324 0.92510647 0.56476473
0.50523249 0.92016288 0.55965137
0.50524388 0.92397334 0.55182618
0.50525463 0.92112748 0.56070685
0.50528760 0.92018158 0.55559960
0.50618337 0.94507083 0.57438868
0.50619860 0.92482954 0.55001115
0.50620745 0.92582073 0.54904652
0.50621987 0.92020062 0.55463734
0.50622318 0.92409571 0.56473995
0.50622328 0.92112902 0.56171234
0.50623243 0.92307767 0.56372171
0.50703509 0.93182458 0.56956131
0.50711077 0.92990592 0.56862242
0.50714838 0.91826726 0.55662546
0.50718001 0.92214412 0.56367521
0.50720338 0.92115901 0.56266586
0.50726985 0.97802220 0.57028237
0.50734449 0.97414641 0.57432148
0.50806402 0.92893190 0.56862803
0.50818028 0.91730065 0.55766735
0.50823335 0.91823099 0.55968029
0.50904192 0.92976258 0.54316296
0.50909756 0.91829318 0.55369284
0.50913270 0.97895120 0.57125760
0.50918887 0.92014077 0.56267033
0.50924896 0.97602933 0.57432081
0.50994364 0.93081075 0.57052718
0.51002459 0.92874868 0.54321830
0.51004263 0.91827154 0.55276984
0.51004333 0.92021992 0.55083943
0.51014296 0.91632923 0.55567472
0.51015127 0.91632923 0.55768088
0.51016480 0.91632349 0.55666050
0.51101822 0.91923755 0.55087951
0.51104113 0.92018218 0.56363186
0.51107079 0.98084582 0.57127437
0.51179343 0.93085336 0.57145492
0.51193176 0.92976806 0.54125506
0.51194679 0.91920816 0.56264822
0.51195681 0.92115507 0.56464336
0.51208600 0.91633391 0.55967201
0.51291267 0.92775996 0.54226976
0.51295609 0.98180615 0.57126014
0.51298968 0.91630525 0.55965952
0.51373516 0.92890298 0.57141163
0.51384598 0.93960656 0.53447132
0.51385533 0.94241087 0.53348517
0.51389805 0.91627780 0.55871569
0.51478069 0.94056849 0.53348000
0.51478537 0.91629964 0.55569372
0.51479001 0.93866192 0.53444403
0.51484118 0.91629978 0.55771909
0.51493626 0.97593982 0.57821077
0.51559381 0.93761108 0.57529430
0.51571514 0.92792368 0.57141638
0.51572636 0.92696081 0.57046687
0.51579917 0.98275926 0.57029734
0.51670102 0.92693796 0.57046860
0.51670884 0.92012380 0.56360254
0.51672210 0.91919152 0.56264054
0.51672838 0.93176326 0.53832333
0.51673178 0.98374965 0.56728322
0.51675082 0.98175705 0.57328146
0.51769929 0.98373529 0.56829879
0.51770607 0.97396719 0.57917237
0.51772448 0.97592613 0.57916843
0.51772651 0.97206150 0.57918285
0.51773042 0.97690336 0.57916529
0.51855432 0.98270890 0.57226750
0.51861778 0.97881140 0.57913663
0.51863658 0.97976866 0.57817810
0.51950690 0.94143076 0.53156638
0.51958232 0.91822391 0.54986377
0.51958576 0.91818363 0.56060766
0.52047365 0.91727788 0.55872624
0.52135436 0.92980874 0.53927728
0.52136564 0.98372821 0.56825030
0.52139500 0.97882863 0.57912755
0.52143708 0.91820421 0.54991691
0.52143855 0.91725316 0.55672776
0.52144006 0.91723479 0.55475553
0.52145465 0.91726832 0.55771705
0.52216019 0.94697840 0.52797574
0.52216834 0.94503202 0.52890658
0.52233289 0.97974361 0.57817049
0.52309059 0.94890501 0.52703672
0.52312195 0.95088211 0.52698779
0.52328474 0.97787919 0.57911005
0.52332335 0.97972584 0.57816428
0.52338704 0.98268592 0.57226529
0.52529304 0.98069673 0.57620681
0.52628413 0.98274330 0.56927856
0.52710652 0.97980125 0.57618710
0.52712332 0.98074048 0.57522490
0.52721971 0.98278164 0.56729184
0.52722973 0.98174509 0.57129067
0.52818932 0.98179239 0.56931850
0.52905678 0.92878428 0.53932417
0.53000054 0.92976258 0.53834147
0.53188283 0.95858540 0.58104707
0.53192711 0.96050165 0.58107693
0.53369491 0.94237233 0.58003765
0.53392810 0.92403593 0.56472866
0.53463744 0.95370245 0.52317041
0.53464419 0.95387138 0.58102703
0.53467121 0.95267853 0.52315782
0.53487016 0.92198869 0.55874000
0.53559958 0.95576953 0.52314206
0.53560839 0.97007424 0.52789833
0.53561628 0.96817508 0.52597122
0.53565856 0.94971899 0.52316888
0.53570321 0.94302860 0.52604359
0.53570692 0.94485034 0.52508760
0.53574877 0.96148576 0.58108882
0.53578026 0.95961306 0.58110832
0.53658736 0.95202446 0.58104146
0.53662801 0.95677782 0.52310766
0.53673759 0.92292076 0.55001316
0.53754138 0.95203756 0.58104026
0.53756673 0.96148904 0.52406809
0.53757040 0.94136176 0.58002536
0.53763259 0.96241617 0.58102743
0.53769641 0.92292297 0.55776748
0.53769805 0.92288296 0.55490235
0.53775119 0.92394261 0.56171701
0.53856012 0.95300216 0.58103892
0.53859095 0.94297062 0.52604660
0.53867121 0.92394028 0.56078120
0.53872304 0.95172822 0.52217131
0.53874395 0.95271647 0.52216356
0.53956855 0.96820394 0.52594470
0.53959694 0.92386506 0.55100315
0.53959881 0.92489573 0.56178214
0.53961257 0.96245752 0.58098642
0.53963130 0.92773892 0.54133979
0.53973016 0.95175481 0.52217057
0.54051325 0.94297189 0.52602292
0.54051973 0.96821870 0.52594346
0.54057066 0.95677181 0.58102129
0.54063438 0.96153686 0.58096264
0.54070876 0.95277552 0.52214569
0.54142746 0.93759171 0.57626546
0.54143798 0.94629200 0.58003892
0.54146653 0.94209746 0.52690413
0.54149268 0.96150654 0.52404144
0.54154345 0.95869949 0.58100826
0.54155083 0.92970026 0.53937968
0.54163453 0.96346741 0.57997038
0.54164672 0.96834809 0.57613440
0.54243137 0.92582827 0.54609348
0.54244022 0.92678680 0.54418221
0.54260033 0.96154428 0.58000124
0.54266225 0.96349273 0.57895655
0.54341605 0.95399469 0.58008821
0.54347263 0.95585924 0.58004259
0.54348215 0.97703936 0.53094878
0.54348552 0.95677308 0.58002616
0.54349340 0.95874003 0.58000184
0.54361220 0.96160252 0.57897024
0.54363918 0.96347576 0.57801592
0.54431346 0.92978355 0.56576387
0.54433347 0.97014377 0.52694240
0.54436897 0.94423628 0.57809815
0.54439595 0.95949724 0.52404284
0.54440511 0.92580436 0.54999202
0.54454007 0.95876602 0.57897091
0.54458001 0.96439421 0.57612325
0.54529774 0.92978629 0.56480862
0.54531784 0.96920422 0.52696952
0.54537295 0.97607161 0.55608000
0.54542582 0.93563999 0.57327739
0.54543667 0.93753293 0.57521482
0.54545077 0.93657093 0.57423137
0.54633428 0.94230820 0.57618103
0.54633716 0.96048262 0.52501419
0.54634998 0.93845666 0.57519658
0.54726569 0.95460554 0.52401552
0.54729625 0.97891427 0.53093946
0.54730320 0.92777833 0.54613065
0.54734692 0.94130806 0.57518897
0.54820158 0.97888013 0.53094588
0.54823016 0.92868843 0.54518151
0.54823574 0.95411118 0.57620020
0.54825328 0.92773611 0.54712308
0.54833821 0.94431530 0.57519137
0.54834038 0.97122714 0.56378055
0.54837508 0.94035167 0.57418529
0.54910323 0.97887385 0.53185397
0.54922299 0.92775822 0.54999188
0.54922857 0.92776016 0.55195292
0.54924787 0.94914046 0.57520466
0.54925135 0.92871421 0.55680848
0.54927145 0.93657474 0.57138431
0.54933795 0.94430314 0.57415670
0.55014578 0.95855795 0.52596654
0.55021402 0.92871768 0.55003637
0.55022834 0.92873305 0.55291449
0.55023195 0.93075718 0.55984972
0.55026311 0.92974808 0.55785485
0.55119422 0.93751964 0.56948362
0.55122932 0.93951732 0.57044349
0.55123917 0.92973038 0.55486899
0.55131909 0.95703653 0.57031958
0.55218451 0.93271504 0.55986074
0.55219934 0.93071376 0.55584541
0.55222722 0.96447256 0.56662033
0.55308185 0.93159240 0.55002969
0.55313482 0.93166153 0.55588649
0.55408256 0.93259060 0.55006112
0.55412170 0.93363617 0.55791092
0.55412340 0.93265359 0.55590152
0.55499202 0.97315929 0.54743365
0.55512488 0.93364759 0.55005010
0.55602784 0.93456276 0.55493548
0.55687304 0.97223436 0.54262401
0.55695387 0.97209349 0.54749497
0.55697982 0.94248154 0.56376866
0.55700774 0.93554748 0.55394790
0.55701028 0.93555355 0.55201020
0.55702380 0.93657888 0.55597947
0.55767924 0.94203594 0.52869524
0.55797889 0.93755036 0.55500278
0.55860430 0.94203400 0.52964468
0.55878118 0.97032893 0.54075699
0.55957055 0.94301885 0.52967013
0.55962846 0.94780554 0.52682478
0.55975551 0.96933547 0.53977806
0.55977544 0.96922880 0.54472105
0.55986926 0.94137946 0.55214737
0.56052009 0.94686344 0.52773528
0.56056758 0.94297009 0.53066149
0.56071667 0.96832003 0.54181411
0.56072729 0.96833620 0.53978136
0.56175783 0.94315651 0.54534075
0.56240949 0.94879539 0.52966860
0.56243948 0.94680794 0.52970300
0.56247462 0.94489736 0.53357845
0.56248237 0.94584193 0.53167302
0.56252345 0.96039091 0.53267246
0.56258042 0.96346180 0.53467966
0.56264709 0.96542481 0.53777791
0.56265757 0.96537785 0.53986409
0.56274634 0.94612581 0.54445160
0.56275423 0.94712575 0.54544923
0.56354463 0.96041415 0.53367758
0.56357616 0.96341050 0.53675549
0.56454657 0.96241991 0.53887069
0.56455873 0.96240762 0.53781828
0.56456093 0.96139252 0.53993616
0.56457823 0.96144201 0.53680071
0.56546375 0.95377767 0.53373202
0.56548339 0.95277980 0.53473924
0.56548406 0.95651946 0.53369077
0.56552741 0.95283430 0.53764825
0.56555012 0.95562833 0.53877501
0.56555119 0.95287725 0.53866192
0.56555727 0.95652841 0.53776261
