0.775548567708   0.667031445312   0.875586263021   
0.777405403646   0.662888020833   0.87976640625   
0.760867447917   0.657462434896   0.868722981771   
0.773356510417   0.664880729167   0.877590494792   
0.769346158854   0.664830208333   0.874085091146   
0.756917447917   0.677635872396   0.876367122396   
0.759805273438   0.675915820312   0.876113151042   
0.762585677083   0.659616341146   0.870982421875   
0.771179361979   0.662875130208   0.875614127604   
0.744398632812   0.659298958333   0.867157747396   
0.747738085937   0.657509179687   0.867118229167   
0.76730859375   0.664900325521   0.876098828125   
0.753693684896   0.670590039062   0.871004361979   
0.749703450521   0.668869986979   0.87110859375   
0.742419596354   0.670490299479   0.874520507812   
0.740481054687   0.665098763021   0.867206445312   
0.745933398438   0.665058463542   0.867289453125   
0.738512695312   0.666928580729   0.867030143229   
0.742514388021   0.663160611979   0.865200455729   
0.746162825521   0.66117421875   0.863123372396   
0.747663802083   0.665166536458   0.853906966146   
0.749512825521   0.674163346354   0.843016861979   
0.745943164062   0.682926171875   0.843183984375   
0.740552213542   0.677443033854   0.8411609375   
0.735177669271   0.670418229167   0.86286015625   
0.743997005208   0.668522786458   0.852350846354   
0.744353059896   0.661101497396   0.860987630208   
0.738658919271   0.679414648437   0.844739192708   
0.751528515625   0.661201236979   0.853745052083   
0.747911523438   0.682758398437   0.832298958333   
0.744162890625   0.681223372396   0.846713346354   
0.747829427083   0.661331640625   0.862966341146   
0.738982552083   0.674011914062   0.857580338542   
0.751575195312   0.670288346354   0.832164192708   
0.751833984375   0.664523958333   0.846813541667   
0.749840039062   0.680927278646   0.82876015625   
0.749887890625   0.674053190104   0.833977799479   
0.749875260417   0.6790796875   0.832362369792   
0.762494921875   0.685090820312   0.861268294271   
0.751725065104   0.688622526042   0.850701236979   
0.755221744792   0.65729453125   0.864839648437   
0.751385026042   0.659363216146   0.862855664062   
0.747701106771   0.657550585937   0.861064257813   
0.745933138021   0.655638736979   0.86301875   
0.747589192708   0.661257226562   0.864894661458   
0.744239322917   0.655488085937   0.865158333333   
0.753264518229   0.655390625   0.866852669271   
0.74411953125   0.655497070312   0.862851822917   
0.753335546875   0.657227799479   0.862828580729   
0.757194466146   0.657136067708   0.860999739583   
0.756949609375   0.653367057292   0.868493554687   
0.751843554687   0.653304752604   0.862813346354   
0.751886393229   0.6499140625   0.866471484375   
0.749727864583   0.650022395833   0.866478385417   
0.755358854167   0.649998046875   0.870396940104   
0.753436653646   0.653684114583   0.868780664062   
0.752002799479   0.649694986979   0.864368489583   
0.772135351562   0.645826953125   0.839351106771   
0.782030794271   0.676246419271   0.8527265625   
0.772992317708   0.679506575521   0.847918033854   
0.757599544271   0.687917643229   0.831008658854   
0.782416341146   0.683569075521   0.855143489583   
0.776020768229   0.670608203125   0.862491927083   
0.770979752604   0.676023177083   0.834525390625   
0.770726888021   0.675533333333   0.831246484375   
0.781745182292   0.682596223958   0.839514127604   
0.765710546875   0.668742252604   0.84113046875   
0.785079817708   0.669245572917   0.846013606771   
0.761444921875   0.6901953125   0.849005338542   
0.757779882812   0.686861263021   0.848519986979   
0.764790690104   0.687014583333   0.85726875   
0.767186848958   0.685095703125   0.852019791667   
0.769341276042   0.665070572917   0.830397330729   
0.776522786458   0.677965299479   0.854762174479   
0.771122981771   0.681356054687   0.848321028646   
0.772752278646   0.663807356771   0.844516666667   
0.771122591146   0.686338216146   0.843036588542   
0.771192513021   0.680631445312   0.836253776042   
0.778041276042   0.663507356771   0.837612369792   
0.767438541667   0.668615299479   0.839524479167   
0.776243815104   0.663592252604   0.839529231771   
0.752148046875   0.681198697917   0.837594726563   
0.780181575521   0.674591927083   0.854526367187   
0.783075651042   0.670619010417   0.839406445312   
0.785511523437   0.682988867187   0.837435807292   
0.768961067708   0.672459830729   0.847912369792   
0.763243229167   0.665266731771   0.851860677083   
0.770081770833   0.670307552083   0.8569671875   
0.772379557292   0.663592773438   0.851364778646   
0.783558789062   0.678091666667   0.849701236979   
0.772289388021   0.682116927083   0.858666927083   
0.761332421875   0.670835091146   0.8503625   
0.763267252604   0.695188411458   0.832604427083   
0.778046940104   0.677729557292   0.834747265625   
0.757691080729   0.67197265625   0.844956966146   
0.771034244792   0.662882682292   0.824455143229   
0.763384700521   0.695134570312   0.828772526042   
0.784346875   0.686447721354   0.830695768229   
0.759615950521   0.666841080729   0.846610221354   
0.778346809896   0.668116927083   0.824736393229   
0.783526106771   0.657692773437   0.853528580729   
0.767439908854   0.66289140625   0.826302018229   
0.772785026042   0.659340169271   0.828050585938   
0.754076822917   0.679050260417   0.834283268229   
0.778336653646   0.664494856771   0.826645898437   
0.77373515625   0.669003971354   0.865811523437   
0.757771679688   0.677508072917   0.830917057292   
0.780402994792   0.684525585938   0.823089778646   
0.780527929687   0.686289778646   0.825072721354   
0.778729296875   0.682812434896   0.823213020833   
0.78240078125   0.675610546875   0.824983789063   
0.791145963542   0.663487109375   0.844526888021   
0.78242265625   0.682677604167   0.823143880208   
0.789782682292   0.663445377604   0.85873828125   
0.7894421875   0.657724414062   0.853659375   
0.778497526042   0.671801171875   0.822761132812   
0.778502994792   0.657636328125   0.829359505208   
0.786108072917   0.670082877604   0.828176627604   
0.778410091146   0.669749088542   0.822779427083   
0.7857921875   0.666152539062   0.830021679687   
0.789316080729   0.664807617187   0.833298372396   
0.782105273437   0.664288932292   0.828257291667   
0.788934830729   0.659121875   0.838672395833   
0.782374869792   0.657456835937   0.833400585937   
0.787956445312   0.675829752604   0.826671158854   
0.787690429688   0.675928580729   0.829885807292   
0.786172265625   0.678971744792   0.823136263021   
0.786031184896   0.673894335938   0.824517447917   
0.791027083333   0.663264453125   0.838642447917   
0.787888151042   0.681024739583   0.828555664062   
0.778683528646   0.682948893229   0.821064648437   
0.785522981771   0.655656575521   0.843837955729   
0.789180403646   0.657535351562   0.842171158854   
0.778594856771   0.662535416667   0.824738671875   
0.78382109375   0.662717382812   0.827988802083   
0.785768098958   0.662881315104   0.827918489583   
0.791115364583   0.661108333333   0.836775716146   
0.780395833333   0.659434375   0.827677018229   
0.776533463542   0.679028971354   0.818740755208   
0.774801041667   0.67152109375   0.818907291667   
0.771043815104   0.660956380208   0.822307096354   
0.771068815104   0.661144075521   0.824260611979   
0.77277734375   0.677255533854   0.818833398437   
0.774231966146   0.664369010417   0.820628971354   
0.769003320312   0.673403580729   0.818676432292   
0.770705273437   0.677353580729   0.816927213542   
0.772662565104   0.679111132812   0.8168078125   
0.76690703125   0.68108125   0.818669466146   
0.763591861979   0.691973828125   0.818654492187   
0.767308789062   0.693621809896   0.822381054687   
0.770815559896   0.686621875   0.815007552083   
0.774197005208   0.690264583333   0.818458723958   
0.765432096354   0.69207421875   0.816668554687   
0.770968359375   0.697738932292   0.82251875   
0.770712304687   0.68490078125   0.820759960937   
0.770618945312   0.693744726562   0.820553125   
0.767323502604   0.68852421875   0.816877473958   
0.772128710938   0.688605598958   0.820745182292   
0.769030859375   0.693637044271   0.820525911458   
0.769078645833   0.693612955729   0.82240546875   
0.769472460937   0.697403841146   0.824377083333   
0.778508658854   0.692181380208   0.822626888021   
0.780724088542   0.690030664063   0.824807421875   
0.785915625   0.674803515625   0.860600065104   
0.789717317708   0.67119296875   0.849723111979   
0.782284505208   0.678604557292   0.862285872396   
0.786049869792   0.685252734375   0.853708333333   
0.787793815104   0.674846744792   0.860502669271   
0.782556315104   0.682029752604   0.859137174479   
0.782419596354   0.682136588542   0.860702213542   
0.787776888021   0.671158984375   0.862137760417   
0.776840559896   0.685540169271   0.8629109375   
0.789775325521   0.669378450521   0.855081510417   
0.786282747396   0.688903776042   0.839497460937   
0.79007109375   0.675687760417   0.837944466146   
0.789826888021   0.674545768229   0.846225585937   
0.78988125   0.675936458333   0.841324479167   
0.786372070313   0.686667643229   0.830553450521   
0.789560677083   0.663607161458   0.853366796875   
0.78971484375   0.671219791667   0.853205533854   
0.789778190104   0.672789322917   0.846286914062   
0.780542578125   0.690648307292   0.858934570312   
0.789549283854   0.665457486979   0.853183789062   
0.778509309896   0.69209140625   0.826811458333   
0.778576041667   0.692751171875   0.858995052083   
0.789529361979   0.669435221354   0.844339257812   
0.778536523438   0.690045768229   0.824831575521   
0.759746289062   0.67165   0.827113216146   
0.757805598958   0.685016601562   0.846715299479   
0.776720052083   0.689077994792   0.860862434896   
0.76144765625   0.687984244792   0.827143164062   
0.759641471354   0.671917057292   0.828844986979   
0.755864648437   0.674417447917   0.835780013021   
0.776684049479   0.680147330729   0.862537565104   
0.783957421875   0.67301796875   0.858771614583   
0.787840299479   0.674672070312   0.853158463542   
0.763267317708   0.689980794271   0.829053710938   
0.772119140625   0.661470768229   0.858917122396   
0.763420377604   0.670044791667   0.825050065104   
0.776650846354   0.692602994792   0.860857942708   
0.775755924479   0.663361197917   0.860566145833   
0.763261002604   0.689958203125   0.844905533854   
0.759604427083   0.664568945312   0.839507226562   
0.773855664062   0.663291927083   0.860552278646   
0.761573567708   0.677541861979   0.827289973958   
0.761560416667   0.686832356771   0.850216341146   
0.776328320312   0.688180143229   0.839466341146   
0.774471223958   0.675855013021   0.854652018229   
0.759726367187   0.684933072917   0.850418359375   
0.764690820313   0.675987044271   0.853434895833   
0.783623958333   0.681017252604   0.832422721354   
0.772388085937   0.685283268229   0.856963867187   
0.776597851562   0.677331380208   0.8272515625   
0.763534114583   0.682980729167   0.848462825521   
0.768946940104   0.680897526042   0.831311979167   
0.774492057292   0.674334114583   0.832823567708   
0.769107877604   0.674161914062   0.834127148437   
0.752338736979   0.685071549479   0.837674934896   
0.754164257812   0.686309309896   0.834663541667   
0.780380729167   0.686032747396   0.832761263021   
0.769066731771   0.663287304687   0.834179882812   
0.770625651042   0.684314908854   0.834636067708   
0.765536783854   0.677624283854   0.844777994792   
0.765556640625   0.67383203125   0.832407942708   
0.768754231771   0.661260351562   0.83931953125   
0.773071614583   0.682868880208   0.848267903646   
0.751860286458   0.689519726562   0.836278580729   
0.75226015625   0.685045898437   0.836106445312   
0.76749296875   0.679217708333   0.839221809896   
0.754110416667   0.679199674479   0.8391203125   
0.761454231771   0.68615859375   0.827177539063   
0.763375651042   0.67748828125   0.827190039062   
0.780084114583   0.663539322917   0.837565950521   
0.761637695312   0.682801497396   0.829253776042   
0.767000585937   0.689405664063   0.834439648437   
0.772757552083   0.680726627604   0.833139973958   
0.779756380208   0.677611197917   0.836066471354   
0.771335611979   0.681134375   0.846472395833   
0.755877148437   0.689490625   0.839404231771   
0.759725130208   0.679426236979   0.838835546875   
0.772350325521   0.663542057292   0.852911393229   
0.755810546875   0.677372851562   0.830860286458   
0.772817708333   0.697053971354   0.864817122396   
0.772959375   0.698794986979   0.861078255208   
0.75598125   0.709067838542   0.847658268229   
0.754164908854   0.710769726562   0.843887304687   
0.761708007812   0.709014388021   0.834175976562   
0.761687630208   0.707270963542   0.832303450521   
0.759532877604   0.707181510417   0.828473567708   
0.742277018229   0.695890299479   0.830075520833   
0.743770833333   0.688372591146   0.826655729167   
0.736506966146   0.679590755208   0.844753971354   
0.743842643229   0.690282486979   0.828826822917   
0.744020442708   0.69201328125   0.830334700521   
0.742236523437   0.697559114583   0.835897200521   
0.776191796875   0.677639973958   0.833224804687   
0.776079231771   0.667417252604   0.841413411458   
0.772709049479   0.668770442708   0.838041341146   
0.769037174479   0.682721549479   0.836287695312   
0.763612369792   0.672248567708   0.835859895833   
0.78129296875   0.676248111979   0.836086979167   
0.777922330729   0.672597981771   0.838215950521   
0.765481901042   0.670483463542   0.835858919271   
0.774283072917   0.659588802083   0.839245572917   
0.767743619792   0.672202539062   0.844647135417   
0.755780729167   0.673835286458   0.844795247396   
0.767371354167   0.665154557292   0.835914322917   
0.777706054687   0.668813736979   0.854567252604   
0.779926627604   0.674476822917   0.8493015625   
0.763824869792   0.668708789062   0.834007552083   
0.770875976562   0.684318229167   0.841031835937   
0.767428515625   0.672370963542   0.846482877604   
0.768950520833   0.686593164062   0.82703515625   
0.770618229167   0.665237890625   0.851347851562   
0.767323372396   0.667145052083   0.844609960937   
0.777812630208   0.677387825521   0.839616210937   
0.774452604167   0.667432942708   0.844456575521   
0.774419205729   0.665687044271   0.849403580729   
0.776010742187   0.665727473958   0.847578255208   
0.777795117188   0.678784895833   0.839415494792   
0.787652994792   0.670369466146   0.833931184896   
0.781215234375   0.672506705729   0.842962565104   
0.777723111979   0.663891666667   0.849390885417   
0.781559179687   0.680756770833   0.839463216146   
0.770591080729   0.6888265625   0.857121223958   
0.772305794271   0.659577148437   0.832111783854   
0.770911002604   0.679118033854   0.833180143229   
0.774465559896   0.670262369792   0.834083854167   
0.763844335937   0.677686653646   0.844817708333   
0.772433919271   0.688016601562   0.834503125   
0.776341731771   0.679065755208   0.831565104167   
0.763936848958   0.675827083333   0.842955403646   
0.783028841146   0.6674890625   0.845985091146   
0.783220182292   0.676034700521   0.844521940104   
0.772807096354   0.670665690104   0.841608203125   
0.761673697917   0.684876367187   0.840861132812   
0.777801692708   0.668982877604   0.845984570312   
0.772297981771   0.659578776042   0.845884049479   
0.777588020833   0.664011523438   0.846036979167   
0.779667903646   0.670771028646   0.850756640625   
0.774263346354   0.672059179687   0.856651888021   
0.779522395833   0.669114713542   0.849172721354   
0.78029921875   0.679403059896   0.849560742187   
0.770923893229   0.677450651042   0.833089322917   
0.774607291667   0.677420117187   0.829494596354   
0.777759244792   0.665830013021   0.84755625   
0.783528320312   0.676423567708   0.851218815104   
0.76910625   0.691539648437   0.832689713542   
0.779624544271   0.677309505208   0.842954166667   
0.759454036458   0.662989453125   0.844615885417   
0.765458398437   0.679254752604   0.84656953125   
0.77449765625   0.667508007812   0.849331315104   
0.770918880208   0.670589973958   0.847749283854   
0.777863411458   0.670507877604   0.852540885417   
0.76945859375   0.677719596354   0.837776041667   
0.771032747396   0.667445963542   0.844353255208   
0.781206640625   0.677422070313   0.841395052083   
0.774442382812   0.665748046875   0.847555143229   
0.771283723958   0.673894791667   0.841385611979   
0.772761848958   0.668962304687   0.847576757812   
0.772695052083   0.680458203125   0.836203515625   
0.769458854167   0.675888476562   0.839470572917   
0.771321809896   0.677478971354   0.839331315104   
0.776016796875   0.677720572917   0.836388151042   
0.775982291667   0.670885677083   0.844445117188   
0.776342773438   0.677545247396   0.831509244792   
0.777883463542   0.674373242187   0.839890494792   
0.776057291667   0.667496158854   0.847573502604   
0.770573567708   0.663447526042   0.837368033854   
0.778086132813   0.674259244792   0.847350065104   
0.777695833333   0.667554296875   0.84453125   
0.77274921875   0.669138020833   0.842994466146   
0.774416927083   0.682411783854   0.832998372396   
0.772738736979   0.67234375   0.840005273437   
0.764020898437   0.670279947917   0.842870898438   
0.779658203125   0.677607291667   0.837793880208   
0.772658072917   0.665566015625   0.841331445312   
0.781260481771   0.672756315104   0.847687955729   
0.778115039062   0.675715299479   0.844355533854   
0.774471744792   0.669140429687   0.84159453125   
0.773033919271   0.673738411458   0.844297200521   
0.777957682292   0.682399479167   0.837711328125   
0.759725911458   0.666662044271   0.844784765625   
0.777945963542   0.680879557292   0.844732226563   
0.774505859375   0.663746484375   0.847568229167   
0.771218424479   0.679067447917   0.83911015625   
0.776261653646   0.663375195312   0.83189296875   
0.770743164062   0.668914192708   0.851193294271   
0.757611263021   0.686284114583   0.831062890625   
0.781147981771   0.674363867187   0.839705403646   
0.779872460937   0.679050260417   0.8345140625   
0.7638625   0.681271679687   0.842827408854   
0.777980794271   0.675739518229   0.842813020833   
0.759739713542   0.683234309896   0.837155143229   
0.779927734375   0.682431184896   0.841326236979   
0.776138932292   0.665533854167   0.841336458333   
0.781822460937   0.677862825521   0.849597005208   
0.782252864583   0.680844140625   0.825207552083   
0.785666080729   0.6759953125   0.830090039063   
0.772454947917   0.685301953125   0.8550171875   
0.766836328125   0.686991276042   0.855367578125   
0.780642057292   0.686289713542   0.828975065104   
0.763332291667   0.665241796875   0.850005403646   
0.781648828125   0.668508398437   0.836206445312   
0.765135091146   0.689750390625   0.830952994792   
0.763810872396   0.668736263021   0.832168229167   
0.761620572917   0.677725911458   0.832449088542   
0.772638411458   0.673921875   0.849055729167   
0.757917447917   0.673890755208   0.846996158854   
0.761839322917   0.681412890625   0.838897526042   
0.772312825521   0.679845703125   0.866651692708   
0.759855729167   0.672095052083   0.844937890625   
0.757700976562   0.681227213542   0.838819010417   
0.768994270833   0.679212760417   0.829477799479   
0.767421940104   0.68109453125   0.837655208333   
0.764719791667   0.674290494792   0.853348893229   
0.776026953125   0.677620768229   0.837860677083   
0.774445638021   0.670824739583   0.845908658854   
0.774595377604   0.68221015625   0.841312434896   
0.774286914062   0.669007877604   0.847580859375   
0.763269921875   0.684375651042   0.832958138021   
0.767218164062   0.682883658854   0.839128776042   
0.768055273437   0.678116796875   0.854985416667   
0.785536328125   0.672819140625   0.851413476562   
0.76488203125   0.675812174479   0.851731510417   
0.776254101562   0.682223111979   0.83614921875   
0.782087825521   0.674745638021   0.854605078125   
0.765418424479   0.670061914062   0.825044466146   
0.776491601562   0.677389257812   0.82943828125   
0.754092122396   0.68103203125   0.832617773437   
0.787523893229   0.665446158854   0.853166601562   
0.785347005208   0.659649804687   0.849750390625   
0.757735416667   0.679389583333   0.842841080729   
0.780032942708   0.683230403646   0.848235416667   
0.783443815104   0.65958984375   0.845778515625   
0.774158854167   0.670318033854   0.854592382813   
0.779926692708   0.657561588542   0.846023763021   
0.771058268229   0.668973958333   0.84767265625   
0.767175651042   0.683015494792   0.836143554687   
0.767427408854   0.660911458333   0.830272070312   
0.779804166667   0.657730403646   0.851586263021   
0.761412174479   0.686320507812   0.839276627604   
0.769028320312   0.661213476562   0.834224869792   
0.77981328125   0.670723893229   0.854658007813   
0.763254361979   0.6793015625   0.827208984375   
0.779827278646   0.665387695312   0.854608919271   
0.772224609375   0.659505013021   0.858951041667   
0.763397981771   0.684807747396   0.846757617187   
0.764953710937   0.681102799479   0.831157161458   
0.761590364583   0.675752994792   0.830920377604   
0.777908528646   0.676624283854   0.869634700521   
0.761418294271   0.686838671875   0.844759765625   
0.759765299479   0.679443164062   0.844866666667   
0.7803046875   0.676477278646   0.860616341146   
0.777896679687   0.663261458333   0.864431445312   
0.774734049479   0.695484765625   0.836393619792   
0.779672200521   0.659387695312   0.85672890625   
0.757784114583   0.68325859375   0.842984244792   
0.781641601562   0.657683723958   0.853373372396   
0.767019856771   0.686738867187   0.822812760417   
0.765174088542   0.6616   0.849881184896   
0.764881054687   0.665388671875   0.853628710937   
0.779883919271   0.668992513021   0.867855013021   
0.765447851562   0.688305729167   0.82472421875   
0.778388216146   0.6763234375   0.864396289062   
0.783497460937   0.657745703125   0.851599869792   
0.757619401042   0.675900455729   0.839038932292   
0.774467057292   0.673968489583   0.852678320312   
0.780070507812   0.672672135417   0.8695546875   
0.759632552083   0.681142773437   0.827053515625   
0.781777864583   0.672788216146   0.867948828125   
0.754291145833   0.679117122396   0.835865429687   
0.770843684896   0.66358515625   0.844373567708   
0.781936263021   0.686317317708   0.837672721354   
0.755855664062   0.674345442708   0.83413671875   
0.759705924479   0.675697591146   0.84070625   
0.76543125   0.688249023437   0.820825260417   
0.770724609375   0.69167265625   0.822584049479   
0.769068359375   0.691658333333   0.822492578125   
0.7762578125   0.692130273437   0.824701171875   
0.766933072917   0.68491015625   0.820872330729   
0.770630598958   0.681130338542   0.820820052083   
0.767017057292   0.686743098958   0.820959440104   
0.7763546875   0.69032421875   0.822888541667   
0.772844270833   0.695905338542   0.824746289062   
0.778107291667   0.678434309896   0.868020703125   
0.776426953125   0.696127864583   0.828724544271   
0.774748111979   0.697992317708   0.828664453125   
0.778519401042   0.678398828125   0.864468489583   
0.776776106771   0.697931445312   0.832504622396   
0.767505533854   0.701717317708   0.828632747396   
0.769554361979   0.701737695312   0.826521289062   
0.763545182292   0.705413802083   0.828851367187   
0.771338867187   0.701838476562   0.832418554688   
0.777049544271   0.69981328125   0.834313997396   
0.775016796875   0.699838802083   0.828556510417   
0.763313997396   0.701447591146   0.824228710937   
0.76102734375   0.699453580729   0.824226953125   
0.751537695312   0.704753450521   0.831657747396   
0.747728710937   0.697882552083   0.828073958333   
0.755110677083   0.705023242188   0.828207421875   
0.746004882812   0.690534179687   0.824467578125   
0.755471289063   0.6863375   0.820601236979   
0.759414973958   0.682820247396   0.818597135417   
0.7595140625   0.691979361979   0.820561132812   
0.759267838542   0.695926367187   0.82241796875   
0.761576888021   0.693811914062   0.822637239583   
0.761555403646   0.690019661458   0.820716731771   
0.757441992187   0.686378841146   0.820700130208   
0.763393164062   0.686377473958   0.820814257812   
0.773645768229   0.665235481771   0.865881640625   
0.759268098958   0.701360026042   0.830573763021   
0.764812369792   0.66168359375   0.855469921875   
0.778165234375   0.666454231771   0.828288671875   
0.772960091146   0.673099739583   0.825153320312   
0.770934635417   0.668267513021   0.826706705729   
0.769341276042   0.664835026042   0.826474023437   
0.774468294271   0.668188606771   0.824910872396   
0.77841953125   0.689832877604   0.830793815104   
0.781705533854   0.670231054687   0.828565039062   
0.770129427083   0.661689127604   0.859038671875   
0.771968684896   0.667259049479   0.862561653646   
0.780606054687   0.677443164062   0.828960026042   
0.779823111979   0.665232682292   0.864439127604   
0.780584830729   0.689964583333   0.834656510417   
0.771178125   0.691775065104   0.841575520833   
0.782429492187   0.688267578125   0.834453059896   
0.784153841146   0.686594986979   0.83593203125   
0.781923893229   0.677576367187   0.830546484375   
0.782409244792   0.677395833333   0.825169791667   
0.770316471354   0.659658072917   0.86090703125   
0.770075260417   0.666939453125   0.857036002604   
0.784198242187   0.684450585937   0.828883398438   
0.782502213542   0.684466471354   0.828853776042   
0.774344075521   0.670087369792   0.830627213542   
0.784175976562   0.684454947917   0.830617317708   
0.782369661458   0.678931510417   0.825245117187   
0.772876236979   0.691895117187   0.843128710937   
0.776097200521   0.65976796875   0.833744205729   
0.770942122396   0.661262239583   0.830245703125   
0.755448828125   0.670655729167   0.86484765625   
0.785859049479   0.684781445312   0.835961393229   
0.759786588542   0.673781901042   0.850668033854   
0.773791080729   0.676326822917   0.868114322917   
0.770081770833   0.679760546875   0.864773763021   
0.764303645833   0.670632877604   0.866586328125   
0.749852278646   0.665481315104   0.855752864583   
0.749936979167   0.673924153646   0.859446940104   
0.762855729167   0.672330013021   0.85554609375   
0.767844010417   0.663547070312   0.864493619792   
0.771848893229   0.665304882812   0.864414973958   
0.769904427083   0.675917447917   0.869962695313   
0.75721015625   0.693822981771   0.826847981771   
0.767989713542   0.670615559896   0.868217773437   
0.767982682292   0.668587955729   0.86635   
0.764187239583   0.672293815104   0.868412630208   
0.766051106771   0.677733463542   0.866577604167   
0.767849479167   0.677636783854   0.870047851562   
0.771608138021   0.672547981771   0.873427994792   
0.745888020833   0.697178385417   0.837607747396   
0.743913802083   0.690107877604   0.830554557292   
0.74608203125   0.695452473958   0.835793945312   
0.749767513021   0.697212890625   0.835633658854   
0.753405598958   0.688180794271   0.822778125   
0.758935026042   0.697639257813   0.826491666667   
0.749605794271   0.697471744792   0.831794661458   
0.747966666667   0.697324674479   0.831785026042   
0.747864713542   0.694283854167   0.830193164062   
0.751481445312   0.697589257812   0.83193984375   
0.751562760417   0.692284244792   0.828431380208   
0.747824023437   0.695685026042   0.833849348958   
0.755035481771   0.694007552083   0.826798242187   
0.745951888021   0.701025911458   0.83775546875   
0.751578320312   0.693887955729   0.832211002604   
0.753595572917   0.695780273437   0.832141861979   
0.75347421875   0.697538671875   0.832074739583   
0.757325455729   0.704918880208   0.830382161458   
0.74615078125   0.692583268229   0.824556966146   
0.749440299479   0.6976765625   0.829958398437   
0.756870507812   0.697763476562   0.826461067708   
0.757142252604   0.70501796875   0.828434049479   
0.751804361979   0.706869401042   0.835934895833   
0.772640559896   0.675617057292   0.831269335937   
0.765542513021   0.677644791667   0.835932226562   
0.767483268229   0.670476302083   0.839628059896   
0.763741210938   0.675798046875   0.8391765625   
0.763562369792   0.662976757812   0.841137434896   
0.778120768229   0.672476171875   0.856829557292   
0.772757942708   0.688218164063   0.839503710937   
0.757914322917   0.6699921875   0.826901367187   
0.768523307292   0.665409895833   0.853390885417   
0.771281640625   0.699333333333   0.832434635417   
0.759498567708   0.677440950521   0.824990039063   
0.770010742187   0.680127864583   0.856827669271   
0.766398111979   0.677915755208   0.853374414062   
0.766448502604   0.679615364583   0.855038476562   
0.761531380208   0.688098307292   0.8249375   
0.768664518229   0.659422721354   0.849741796875   
0.778591080729   0.694092252604   0.830864192708   
0.780012304687   0.672416341146   0.832263671875   
0.774751106771   0.696330859375   0.857091536458   
0.77227265625   0.659652929687   0.855083854167   
0.768619856771   0.659558919271   0.85144140625   
0.784063476562   0.690432356771   0.850616276042   
0.763349869792   0.679283658854   0.852193229167   
0.783807421875   0.669126171875   0.871546744792   
0.782531901042   0.690265820312   0.836114192708   
0.786181835938   0.688672916667   0.850315039062   
0.784195052083   0.689155989583   0.857097526042   
0.784520703125   0.692135221354   0.845007747396   
0.787743554687   0.665380338542   0.862683854167   
0.788374479167   0.687015299479   0.845473177083   
0.788188606771   0.687135807292   0.851808984375   
0.782665950521   0.694451497396   0.855659960937   
0.780877213542   0.697881119792   0.843309765625   
0.782598567708   0.68549609375   0.859384830729   
0.782227539062   0.682427408854   0.866179622396   
0.778684635417   0.684220247396   0.866287369792   
0.784112239583   0.682487174479   0.86610703125   
0.782285546875   0.684165559896   0.864387109375   
0.776951041667   0.685620898437   0.864712369792   
0.778865885417   0.687278776042   0.861101171875   
0.780614322917   0.688717317708   0.862957747396   
0.776891861979   0.688816536458   0.864659830729   
0.784291992187   0.682116796875   0.860557226562   
0.785960546875   0.687278255208   0.853763085937   
0.784195182292   0.687058268229   0.861080143229   
0.7784546875   0.680328385417   0.866337369792   
0.782110546875   0.676606380208   0.869863020833   
0.778927734375   0.682223242187   0.862577929687   
0.788080208333   0.68537890625   0.857331315104   
0.786185742188   0.683421484375   0.855426497396   
0.774981575521   0.690732552083   0.8645515625   
0.784337565104   0.690967643229   0.855419986979   
0.788074609375   0.681903776042   0.853369010417   
0.782561979167   0.694176497396   0.843015950521   
0.778620572917   0.684100065104   0.868136263021   
0.780651171875   0.692867578125   0.859039908854   
0.784372330729   0.692444140625   0.852422265625   
0.778930924479   0.690855403646   0.864824934896   
0.783912890625   0.674647851562   0.870023177083   
0.78600546875   0.669260677083   0.87359140625   
0.784025846354   0.667176236979   0.877567903646   
0.781952539062   0.6732046875   0.877641731771   
0.777989257812   0.67515078125   0.879782486979   
0.779792057292   0.671141276042   0.877722981771   
0.777709440104   0.673023893229   0.875796809896   
0.777698046875   0.666968359375   0.87975703125   
0.779492708333   0.665081901042   0.877435807292   
0.786005143229   0.667090820312   0.873394921875   
0.789444986979   0.663211132812   0.871852213542   
0.783803125   0.662852018229   0.875511328125   
0.787388802083   0.655876822917   0.868053450521   
0.785791666667   0.66312734375   0.871454166667   
0.789398111979   0.665377994792   0.868076302083   
0.783930078125   0.665113606771   0.873343619792   
0.783929036458   0.663307942708   0.862698763021   
0.782001627604   0.667036523437   0.871373177083   
0.783846419271   0.662978320312   0.871241666667   
0.783682356771   0.664921028646   0.867958789062   
0.78185390625   0.664947395833   0.871284309896   
0.765226822917   0.695168359375   0.830613802083   
0.779827929687   0.663253841146   0.86460234375   
0.761335286458   0.667042708333   0.848335677083   
0.7653625   0.690002994792   0.826754947917   
0.772057421875   0.673892382812   0.858938867187   
0.785575520833   0.678251692708   0.849816601562   
0.776312825521   0.684472005208   0.829162304687   
0.763383333333   0.695132161458   0.8267625   
0.780655078125   0.684486263021   0.826906054687   
0.763278255208   0.66354140625   0.851786979167   
0.773929817708   0.663338476563   0.858653841146   
0.776278645833   0.672327539062   0.8567859375   
0.775982877604   0.663691080729   0.852857747396   
0.770889908854   0.693837760417   0.826702734375   
0.768936263021   0.681069791667   0.827254427083   
0.785356901042   0.674242838542   0.839707161458   
0.778453580729   0.684433203125   0.831089778646   
0.7637140625   0.666748372396   0.842943684896   
0.767051953125   0.663535286458   0.846081705729   
0.779437695313   0.663924869792   0.84771171875   
0.779704361979   0.66543671875   0.858586458333   
0.779793945312   0.6654921875   0.856659049479   
0.772363151042   0.686278320312   0.830914713542   
0.769319010417   0.695394075521   0.826711458333   
0.772606770833   0.671784830729   0.828834375   
0.753790039062   0.691739648437   0.839531835937   
0.785901497396   0.680025716146   0.851651822917   
0.778499153646   0.689985742187   0.826874479167   
0.763625455729   0.670321940104   0.830604101562   
0.776674023437   0.680154296875   0.858958919271   
0.770328841146   0.683659114583   0.860584635417   
0.770546419271   0.683585807292   0.85326875   
0.770811783854   0.686724153646   0.824924739583   
0.763409440104   0.701072265625   0.838313085937   
0.763604622396   0.688223372396   0.824826497396   
0.779485351562   0.665110286458   0.875519986979   
0.777495768229   0.662885221354   0.875490559896   
0.775831640625   0.660937304688   0.870019661458   
0.775875130208   0.662944270833   0.868167122396   
0.775812565104   0.661009049479   0.866256380208   
0.7817171875   0.655649479167   0.868189453125   
0.785395572917   0.661166080729   0.869759895833   
0.781645768229   0.655697265625   0.869869010417   
0.783550130208   0.659320377604   0.864665755208   
0.785391927083   0.65744296875   0.866454947917   
0.783798893229   0.661005794271   0.871406380208   
0.78546953125   0.65568125   0.866375130208   
0.785449479167   0.659310677083   0.862602278646   
0.785264192708   0.653786588542   0.867965690104   
0.779688216146   0.653552994792   0.866365104167   
0.777812890625   0.653493684896   0.864348697917   
0.777911132813   0.657237760417   0.868057096354   
0.777579557292   0.657195833333   0.871991080729   
0.779639257812   0.653740950521   0.873643098958   
0.779675325521   0.657283463542   0.873588020833   
0.772289127604   0.653351888021   0.860782877604   
0.792961848958   0.652188606771   0.855429361979   
0.787383984375   0.653549869792   0.86057109375   
0.787319140625   0.655527669271   0.853740299479   
0.787378841146   0.653690039062   0.858785677083   
0.787447395833   0.659254817708   0.869944270833   
0.785800065104   0.660740559896   0.875468684896   
0.783751302083   0.660638736979   0.875476497396   
0.781816210937   0.659010351562   0.877268033854   
0.779659700521   0.655510481771   0.875566471354   
0.771272395833   0.657050846354   0.87586640625   
0.773424609375   0.653663671875   0.873862565104   
0.773396223958   0.657007421875   0.875719010417   
0.771457682292   0.651552539062   0.872135872396   
0.771833854167   0.653362760417   0.868378385417   
0.757136458333   0.653120377604   0.866396614583   
0.766012890625   0.655268684896   0.8630078125   
0.759036263021   0.65326875   0.868452083333   
0.760959895833   0.655160546875   0.868604557292   
0.759296028646   0.657102669271   0.860876236979   
0.775691992187   0.659159179687   0.870093294271   
0.771993164062   0.655344596354   0.868292382812   
0.771947070312   0.655256966146   0.870378255208   
0.773740755208   0.657076106771   0.872089453125   
0.773533723958   0.662730924479   0.871997981771   
0.773871158854   0.659246744792   0.86456796875   
0.768096484375   0.657389192708   0.8646078125   
0.761020507812   0.657318229167   0.855896484375   
0.7628671875   0.657362044271   0.866312630208   
0.773432682292   0.662767317708   0.873740364583   
0.769601497396   0.662990755208   0.872173242187   
0.767857486979   0.661376822917   0.868425976562   
0.751785221354   0.681414127604   0.8469796875   
0.750062630208   0.683106315104   0.836040559896   
0.759045182292   0.674413541667   0.864773372396   
0.749901171875   0.690195768229   0.843213346354   
0.751774544271   0.670227408854   0.843010807292   
0.75008828125   0.686478841146   0.828691080729   
0.753696809896   0.677430664062   0.826700846354   
0.749941471354   0.690066080729   0.841403255208   
0.755670833333   0.693977929687   0.850784765625   
0.753712434896   0.664517513021   0.846895638021   
0.751975260417   0.684655924479   0.826813802083   
0.759503841146   0.686856315104   0.854183333333   
0.757655013021   0.688703776042   0.848612890625   
0.753621549479   0.679558919271   0.845000976562   
0.751766471354   0.684938216146   0.843058463542   
0.753724348958   0.693655078125   0.841385742187   
0.755549479167   0.68143046875   0.846885481771   
0.753870117187   0.693593815104   0.837979231771   
0.755561263021   0.683002669271   0.828805924479   
0.759339583333   0.693839388021   0.845113606771   
0.75197734375   0.682965885417   0.828713411458   
0.751769010417   0.675982291667   0.840761197917   
0.755892643229   0.675912044271   0.846793424479   
0.757635807292   0.691923697917   0.845228841146   
0.773583398438   0.664876106771   0.871819791667   
0.776358528646   0.691991145833   0.845137955729   
0.782000911458   0.689040820312   0.853636914062   
0.772905403646   0.691919270833   0.845231380208   
0.787473828125   0.669410807292   0.849828320312   
0.761280208333   0.695498958333   0.838165690104   
0.787554752604   0.672783463542   0.848051757812   
0.787699283854   0.672936067708   0.851385481771   
0.780089778646   0.661795507812   0.835534830729   
0.787644596354   0.670644140625   0.837609830729   
0.774930273437   0.688531445312   0.850741015625   
0.774761002604   0.685493033854   0.860745898437   
0.751919596354   0.685015234375   0.840876302083   
0.787561393229   0.672274934896   0.833996744792   
0.781937630208   0.686505794271   0.843586328125   
0.787456184896   0.665641861979   0.849711848958   
0.789111848958   0.667319986979   0.842445442708   
0.778560611979   0.676200455729   0.856878776042   
0.781683723958   0.669044921875   0.858547005208   
0.7537671875   0.689798177083   0.830643684896   
0.753840950521   0.679301692708   0.828748372396   
0.766923372396   0.679239973958   0.820730338542   
0.775987630208   0.674412695312   0.866244596354   
0.771995377604   0.657594270833   0.851431575521   
0.778468619792   0.692001041667   0.836501497396   
0.776052408854   0.672378320312   0.866163606771   
0.767115625   0.695549088542   0.838216927083   
0.774022070312   0.674181119792   0.864515169271   
0.759514583333   0.677481054687   0.827342317708   
0.776338151042   0.688002473958   0.838067252604   
0.77454921875   0.659533658854   0.829760351562   
0.768989518229   0.685160546875   0.853378255208   
0.757758723958   0.668769010417   0.837475390625   
0.772573958333   0.681629492187   0.851137630208   
0.765349739583   0.691638671875   0.824702018229   
0.75978203125   0.670449414062   0.830314192708   
0.763473242188   0.691823177083   0.824683072917   
0.765431770833   0.6920328125   0.845014518229   
0.765088151042   0.663384830729   0.849918554687   
0.776005794271   0.657445572917   0.853391276042   
0.765363476562   0.701133984375   0.843544205729   
0.777772135417   0.668745052083   0.856704817708   
0.783515429687   0.680932552083   0.841565885417   
0.768658919271   0.668752734375   0.853460416667   
0.774271940104   0.689981705729   0.830883072917   
0.768661523437   0.657458658854   0.851325130208   
0.770865494792   0.694410677083   0.855338346354   
0.774034895833   0.663598242187   0.854891080729   
0.777740104167   0.659197721354   0.858743229167   
0.774339192708   0.689888411458   0.828997005208   
0.772290039063   0.657364908854   0.855126627604   
0.767124869792   0.695889127604   0.847027408854   
0.767332682292   0.658983333333   0.830206445312   
0.763356770833   0.697252799479   0.832580403646   
0.761260351562   0.695192773437   0.834442122396   
0.767174348958   0.688572916667   0.848952018229   
0.772368945312   0.680038606771   0.860704427083   
0.774722200521   0.687246354167   0.856977539062   
0.772252864583   0.66182265625   0.853024544271   
0.771087890625   0.69549921875   0.828856315104   
0.765444335938   0.681172851562   0.83918125   
0.766969856771   0.659184440104   0.839317578125   
0.763190820312   0.662903645833   0.828301367188   
0.770465429687   0.661422786458   0.839194335937   
0.772702408854   0.687127018229   0.860709440104   
0.763586067708   0.667145377604   0.830416536458   
0.778549739583   0.675940559896   0.854619466146   
0.776115625   0.666572721354   0.830294270833   
0.767044596354   0.6611890625   0.83941171875   
0.759403320313   0.686294726562   0.837629492187   
0.765452473958   0.697599544271   0.841946223958   
0.765404752604   0.697527734375   0.843405598958   
0.759719661458   0.685124088542   0.842837825521   
0.767083854167   0.661383854167   0.841077408854   
0.768942578125   0.661415690104   0.844152083333   
0.786029557292   0.681607486979   0.851683463542   
0.763559375   0.693964908854   0.843378841146   
0.780072200521   0.679081575521   0.832827278646   
0.785299804687   0.674340755208   0.841416341146   
0.783919205729   0.688497526042   0.850380208333   
0.767217447917   0.699343815104   0.836535611979   
0.770818294271   0.689649414063   0.834475260417   
0.769109309896   0.688390299479   0.843116666667   
0.778702604167   0.693922526042   0.836372721354   
0.783640885417   0.672374348958   0.830429947917   
0.776310416667   0.684350585937   0.839361393229   
0.767177929687   0.701205403646   0.841833528646   
0.759580013021   0.684700260417   0.837326497396   
0.770708528646   0.692438216146   0.860741536458   
0.785320442708   0.671057682292   0.847921028646   
0.769186653646   0.675441927083   0.846456640625   
0.765336783854   0.697593294271   0.845234505208   
0.757707552083   0.687772591146   0.832813802083   
0.756156184896   0.683246419271   0.837271940104   
0.766855013021   0.692418554688   0.853833333333   
0.779959960937   0.672754752604   0.852562369792   
0.759670703125   0.684551822917   0.829218815104   
0.756052473958   0.685092122396   0.838950325521   
0.785280859375   0.665334049479   0.843967578125   
0.761945638021   0.679552864583   0.840814778646   
0.759673763021   0.684410742187   0.834535546875   
0.772581575521   0.682520182292   0.83113515625   
0.778391145833   0.686019010417   0.832892903646   
0.761435677083   0.660921289062   0.842554492187   
0.769163932292   0.667320052083   0.847686783854   
0.776001953125   0.665753841146   0.845865429688   
0.771040494792   0.669076627604   0.842925455729   
0.768989518229   0.680982356771   0.829411653646   
0.761512695312   0.666901041667   0.846433658854   
0.775977994792   0.668667252604   0.856661067708   
0.765537174479   0.679338085938   0.842898958333   
0.761460872396   0.689858138021   0.829213020833   
0.767291080729   0.681074674479   0.848596549479   
0.759858138021   0.670156315104   0.842981640625   
0.76829296875   0.679774153646   0.853153710937   
0.7655671875   0.679290234375   0.840968815104   
0.76536953125   0.683004166667   0.850233984375   
0.768562044271   0.692555533854   0.858983072917   
0.75982109375   0.68132421875   0.840837565104   
0.783573958333   0.671010026042   0.851251627604   
0.767189192708   0.668738606771   0.830645898437   
0.761699153646   0.666653710937   0.841292513021   
0.783526041667   0.681133658854   0.835878841146   
0.787749739583   0.674550911458   0.851444140625   
0.783911067708   0.684961328125   0.846941276042   
0.757899348958   0.686675455729   0.840844921875   
0.785165169271   0.675960221354   0.835859244792   
0.761769921875   0.677675260417   0.838984895833   
0.767470117187   0.663236067708   0.832631510417   
0.781581445312   0.674321875   0.834262304687   
0.775863802083   0.661956315104   0.844381445312   
0.759654231771   0.681420703125   0.837184244792   
0.763343489583   0.681175585937   0.829357096354   
0.783370572917   0.677715494792   0.83240546875   
0.765261067708   0.679370052083   0.834207291667   
0.779875130208   0.682527539062   0.837610742187   
0.766571809896   0.672427408854   0.853337044271   
0.765310546875   0.683025455729   0.839196940104   
0.767522395833   0.675474609375   0.844750911458   
0.768769921875   0.657401692708   0.835721484375   
0.763346419271   0.684407877604   0.835981770833   
0.781798177083   0.680838802083   0.843086458333   
0.765076171875   0.684453320312   0.832965234375   
0.779765690104   0.672686979167   0.849222526042   
0.772737174479   0.674568880208   0.834340950521   
0.776627018229   0.677908203125   0.85249765625   
0.785253255208   0.6635109375   0.842221614583   
0.765147395833   0.684636523437   0.844811002604   
0.770503385417   0.661397330729   0.837377864583   
0.783195898437   0.668732356771   0.839307942708   
0.777435286458   0.661992382812   0.844201692708   
0.776303125   0.681176822917   0.846401041667   
0.774402669271   0.678050260417   0.854689257812   
0.757694205729   0.681255273437   0.840798632812   
0.770701041667   0.667259830729   0.851303971354   
0.775863997396   0.667153515625   0.865877083333   
0.781808528646   0.668052213542   0.828513346354   
0.775864192708   0.665480598958   0.856572460937   
0.775918880208   0.661881835937   0.85132890625   
0.759501497396   0.692273632812   0.850633138021   
0.751840820312   0.669107096354   0.864776953125   
0.762838151042   0.659578125   0.866445768229   
0.757290950521   0.672561848958   0.864711263021   
0.750030989583   0.673824023437   0.850680533854   
0.757228385417   0.6637734375   0.853694466146   
0.759159375   0.663685481771   0.853710546875   
0.753615169271   0.66365859375   0.853620442708   
0.766613020833   0.692562109375   0.859001041667   
0.75192578125   0.676051236979   0.861375130208   
0.772026236979   0.677865364583   0.871864388021   
0.750133398438   0.671936197917   0.85073828125   
0.7501140625   0.670394270833   0.8543046875   
0.751869726563   0.672186979167   0.857638151042   
0.751886328125   0.667239648437   0.862721614583   
0.753731835937   0.675500911458   0.854365755208   
0.74999375   0.669114583333   0.85901875   
0.749973893229   0.673776302083   0.857720377604   
0.757488085937   0.675651236979   0.854180403646   
0.762789257812   0.665536783854   0.857527083333   
0.753686848958   0.679701041667   0.850542708333   
0.7648890625   0.690702018229   0.855730078125   
0.76304375   0.694282747396   0.857530143229   
0.761312760417   0.695878385417   0.852669921875   
0.787324544271   0.668808919271   0.840972395833   
0.755576171875   0.668568294271   0.83387265625   
0.763277864583   0.694014713542   0.850997005208   
0.76491953125   0.694232421875   0.855880794271   
0.787592252604   0.675879882812   0.833970898437   
0.759875846354   0.672166796875   0.842861979167   
0.767158138021   0.699537565104   0.8454109375   
0.771149088542   0.686624804687   0.846983007812   
0.770796679687   0.675181835937   0.827419661458   
0.771182291667   0.684811914062   0.848669856771   
0.780166210937   0.664770638021   0.831970638021   
0.785581445313   0.670310221354   0.832095638021   
0.755687890625   0.670293554687   0.843024414062   
0.776592773437   0.678045377604   0.856957552083   
0.776393554687   0.688206054687   0.824990885417   
0.753760807292   0.672340299479   0.8373671875   
0.753913736979   0.677270638021   0.828913736979   
0.755697395833   0.670533658854   0.833884505208   
0.755719075521   0.695618098958   0.837987825521   
0.761367382813   0.701020442708   0.841905273437   
0.783976627604   0.683116666667   0.848335351562   
0.757804947917   0.697535872396   0.845220442708   
0.759469140625   0.695839713542   0.847020117187   
0.759454817708   0.695643359375   0.849281315104   
0.757707096354   0.697556575521   0.841602994792   
0.757602148437   0.692554101562   0.854166536458   
0.759265690104   0.695515950521   0.838044010417   
0.757730273437   0.699539908854   0.845363932292   
0.76347578125   0.696036588542   0.849105208333   
0.774079361979   0.678234700521   0.871808919271   
0.765443619792   0.661089908854   0.834335611979   
0.776315820313   0.664571679687   0.824870377604   
0.771052864583   0.664903710937   0.828388346354   
0.770250520833   0.681834830729   0.868308789062   
0.770809765625   0.697957747396   0.852543815104   
0.765277083333   0.697880403646   0.852481575521   
0.765361848958   0.697959700521   0.849170963542   
0.767006770833   0.697908658854   0.850905664062   
0.754080924479   0.702967057292   0.843641341146   
0.765220247396   0.699885221354   0.854430729167   
0.757874674479   0.704890559896   0.838183789063   
0.763502148437   0.69972578125   0.851058658854   
0.768388736979   0.694774348958   0.860732161458   
0.762627473958   0.692540755208   0.861164453125   
0.759586458333   0.703003776042   0.841843164062   
0.7626328125   0.694516666667   0.861204817708   
0.757731966146   0.704862890625   0.843786653646   
0.757773502604   0.701448567708   0.847174674479   
0.755846679687   0.704872981771   0.841958984375   
0.759376106771   0.69626875   0.856317057292   
0.757552083333   0.692730078125   0.856192057292   
0.756055403646   0.703169075521   0.847441731771   
0.755724479167   0.701447200521   0.849256966146   
0.759646940104   0.704884309896   0.840083398438   
0.773832877604   0.67647890625   0.873791731771   
0.773578125   0.668888932292   0.875622460937   
0.755602734375   0.697620507812   0.849080403646   
0.753460546875   0.683165755208   0.848647721354   
0.753638151042   0.679796484375   0.848629752604   
0.773713671875   0.672719986979   0.877711523437   
0.771775325521   0.678588867188   0.877884375   
0.771907096354   0.678398307292   0.876163802083   
0.769419596354   0.672517317708   0.877848307292   
0.765900195312   0.678162695312   0.878006901042   
0.742563932292   0.666989583333   0.869279361979   
0.761979231771   0.679890169271   0.878130338542   
0.738850911458   0.668722330729   0.869025130208   
0.746150455729   0.668834244792   0.871032942708   
0.742424869792   0.668980729167   0.869242643229   
0.757013346354   0.667254752604   0.869040494792   
0.757018359375   0.673892447917   0.874516341146   
0.758635286458   0.6709109375   0.871003580729   
0.74426875   0.670652083333   0.870892708333   
0.739055013021   0.672305664062   0.871022721354   
0.762015690104   0.674129101562   0.872364518229   
0.747803385417   0.674222591146   0.872609830729   
0.744227083333   0.668888085937   0.86715390625   
0.745995768229   0.672441861979   0.870628450521   
0.742449674479   0.674428385417   0.87243359375   
0.740401953125   0.667062109375   0.867131575521   
0.751526953125   0.663383854167   0.867110481771   
0.738941992188   0.677969466146   0.857749739583   
0.758969075521   0.66547890625   0.869074414062   
0.765911653646   0.679961588542   0.876116210937   
0.742430013021   0.681678580729   0.852464973958   
0.742454296875   0.679660351562   0.858171289062   
0.7408390625   0.672488346354   0.864967252604   
0.753576692708   0.701447005208   0.852928125   
0.747922070312   0.684076171875   0.870966210937   
0.738412434896   0.690958984375   0.859871549479   
0.742266601563   0.688840104167   0.8491484375   
0.756634830729   0.689081380208   0.8670890625   
0.740768033854   0.680172786458   0.867254817708   
0.755109309896   0.681946158854   0.874494205729   
0.765672916667   0.681868554687   0.874403059896   
0.748083658854   0.685436328125   0.867297200521   
0.746202734375   0.687313020833   0.865454817708   
0.747960286458   0.691008268229   0.865695833333   
0.744175390625   0.683570963542   0.869194596354   
0.760108203125   0.6910328125   0.870749674479   
0.747615755208   0.690922981771   0.861996614583   
0.758132486979   0.6892328125   0.872395377604   
0.756427669271   0.691035872396   0.869056445312   
0.760395247396   0.692738411458   0.865443684896   
0.746206054687   0.689352864583   0.865481575521   
0.766040885417   0.685536067708   0.876419205729   
0.767751822917   0.680100390625   0.876348307292   
0.75370625   0.703457226562   0.857052799479   
0.758055794271   0.690965299479   0.868953125   
0.753563216146   0.7014859375   0.856917317708   
0.754851627604   0.689320442708   0.869008658854   
0.746030598958   0.692915104167   0.863835546875   
0.751403320313   0.685798828125   0.869023111979   
0.742431835937   0.691265364583   0.863655729167   
0.751600130208   0.705008138021   0.851512890625   
0.740279361979   0.689081575521   0.859733007812   
0.734855013021   0.689244010417   0.861585546875   
0.757433658854   0.696448177083   0.8582421875   
0.757197135417   0.700136979167   0.862007226562   
0.757297005208   0.701794401042   0.860282942708   
0.755278776042   0.700004101562   0.860223828125   
0.759383854167   0.703824544271   0.858490755208   
0.757828580729   0.707107942708   0.849580533854   
0.755998893229   0.705214583333   0.849486523437   
0.759385742187   0.703704101562   0.856554492188   
0.757451757812   0.701813932292   0.856635351562   
0.755904166667   0.703520052083   0.853073828125   
0.764490169271   0.691161783854   0.872844075521   
0.768235481771   0.687769726562   0.874581575521   
0.761634244792   0.705429817708   0.849457291667   
0.761555078125   0.705514778646   0.851311848958   
0.774166471354   0.680396549479   0.876127994792   
0.772546549479   0.692916471354   0.869086783854   
0.778670703125   0.700161979167   0.848975195312   
0.776949283854   0.689088151042   0.868497395833   
0.782507617188   0.689274674479   0.868423893229   
0.78228515625   0.684291666667   0.868204427083   
0.778748372396   0.699883789062   0.843696744792   
0.778744921875   0.699936653646   0.836090234375   
0.786233072917   0.682615625   0.866145572917   
0.776678385417   0.701886328125   0.841698046875   
0.769312825521   0.703611458333   0.836106705729   
0.770746744792   0.696799153646   0.862741080729   
0.763878125   0.709006445312   0.841957421875   
0.768919596354   0.700383658854   0.857664518229   
0.770680924479   0.698507421875   0.857381315104   
0.76554296875   0.703520442708   0.847688216146   
0.769488020833   0.705364973958   0.843981315104   
0.769660872396   0.703716210937   0.847623242187   
0.772665299479   0.702157291667   0.849028450521   
0.776638541667   0.702045963542   0.852481184896   
0.770933854167   0.700264518229   0.849132486979   
0.776646614583   0.700077408854   0.847464973958   
0.774755338542   0.700012434896   0.848931445312   
0.772627799479   0.692827018229   0.866997786458   
0.770979166667   0.701684244792   0.841934114583   
0.767422786458   0.703540169271   0.836206901042   
0.774734960937   0.699975130208   0.850773893229   
0.778184960938   0.680527213542   0.869919075521   
0.775083072917   0.699603255208   0.837890234375   
0.774890625   0.687211523438   0.868491015625   
0.776582942708   0.697989388021   0.847444921875   
0.778467838542   0.698028515625   0.850768033854   
0.770811393229   0.698270182292   0.855710546875   
0.76728828125   0.659186783854   0.834240950521   
0.774415494792   0.682032682292   0.86999765625   
0.768874869792   0.698199414062   0.855765169271   
0.767443945312   0.701404231771   0.845585351563   
0.772362630208   0.682085677083   0.871995507812   
0.776260416667   0.680360546875   0.871885546875   
0.777511458333   0.668927864583   0.873700651042   
0.763327734375   0.697470898437   0.836501367187   
0.785501367187   0.668336328125   0.833853971354   
0.777959244792   0.657708268229   0.840857552083   
0.777836523437   0.661458398437   0.854875195312   
0.776071484375   0.657765885417   0.849653776042   
0.778312109375   0.696211653646   0.855543880208   
0.763419921875   0.660996875   0.835998372396   
0.777742513021   0.661347135417   0.856659505208   
0.776440950521   0.684849348958   0.848474674479   
0.761786588542   0.670400065104   0.846936979167   
0.770687174479   0.672336067708   0.832336914062   
0.777928776042   0.657479036458   0.835724739583   
0.761214257812   0.687929361979   0.839412239583   
0.774605143229   0.688359049479   0.841251627604   
0.763722330729   0.677756119792   0.837565299479   
0.781799609375   0.659620572917   0.842055143229   
0.761650911458   0.673940169271   0.834106705729   
0.751958138021   0.674260221354   0.838936783854   
0.7638390625   0.677724348958   0.839139518229   
0.786993554687   0.661283138021   0.840562890625   
0.785328776042   0.661205729167   0.837327278646   
0.784004882812   0.659675846354   0.837463020833   
0.759787630208   0.668727278646   0.83937578125   
0.785444986979   0.659707877604   0.840401692708   
0.776297851562   0.689923697917   0.83653203125   
0.785605794271   0.679372591146   0.830216992188   
0.768810351562   0.686063736979   0.834446744792   
0.774851953125   0.693452408854   0.839880078125   
0.759400130208   0.664646875   0.834081770833   
0.759592903646   0.689701692708   0.830957617187   
0.761891601562   0.675696940104   0.847054231771   
0.774585026042   0.693631770833   0.836499674479   
0.779866861979   0.670725260417   0.856757291667   
0.755996744792   0.686609570312   0.839047526042   
0.776016536458   0.670324153646   0.854538997396   
0.766989973958   0.672659830729   0.849489127604   
0.755821809896   0.706910677083   0.836015625   
0.759027473958   0.701361132813   0.828559960937   
0.759584049479   0.703200130208   0.834236393229   
0.76348203125   0.705390104167   0.826629947917   
0.757995768229   0.708786263021   0.836053971354   
0.757926367187   0.707003580729   0.836126692708   
0.759743033854   0.708861783854   0.839982096354   
0.759688346354   0.707086914063   0.845777994792   
0.763554166667   0.7053640625   0.843670052083   
0.763301822917   0.700038932292   0.85626328125   
0.75979921875   0.706852213542   0.841893489583   
0.759792513021   0.704956315104   0.838058658854   
0.753993229167   0.704992903646   0.845467773437   
0.768287630208   0.691036914063   0.866928971354   
0.75778359375   0.70510390625   0.847607877604   
0.762592578125   0.696852148437   0.863292057292   
0.755965299479   0.707006640625   0.840205794271   
0.762824023437   0.698682682292   0.861533658854   
0.754102473958   0.708861783854   0.843855273437   
0.755926757812   0.706943619792   0.838047005208   
0.747848372396   0.70515703125   0.837902669271   
0.749755729167   0.706998502604   0.843812434896   
0.751792578125   0.705025195312   0.843798111979   
0.766115169271   0.691079231771   0.866888606771   
0.747930729167   0.70300546875   0.839900651042   
0.749868684896   0.70306640625   0.839931184896   
0.759975195312   0.677847786458   0.875905338542   
0.765744140625   0.676024023438   0.87213828125   
0.755030989583   0.683714322917   0.872461328125   
0.737130729167   0.68005859375   0.863334635417   
0.745915625   0.680071744792   0.870694921875   
0.754949153646   0.685536002604   0.872456054687   
0.740427669271   0.687093815104   0.854366927083   
0.742181770833   0.688685481771   0.847222591146   
0.736756835937   0.679893033854   0.854448828125   
0.735278190104   0.678254036458   0.863503320312   
0.738612760417   0.681606380208   0.852578841146   
0.734884830729   0.685283203125   0.856450716146   
0.755583919271   0.69626875   0.856467643229   
0.751933463542   0.702951627604   0.841979231771   
0.753723242187   0.701234440104   0.847531380208   
0.758646875   0.685254166667   0.866997460938   
0.745962955729   0.686827278646   0.852434049479   
0.740615364583   0.685221614583   0.850766080729   
0.747822851563   0.686771679687   0.852480859375   
0.746038020833   0.676198893229   0.868548372396   
0.749677018229   0.690320507812   0.849005403646   
0.746172135417   0.683405729167   0.865292447917   
0.744186067708   0.686896940104   0.850822851562   
0.737277734375   0.680164127604   0.861449674479   
0.762138671875   0.683502669271   0.872182161458   
0.739078125   0.680018098958   0.85971015625   
0.738794205729   0.681750325521   0.859691796875   
0.755297460937   0.679840429687   0.872439453125   
0.755133203125   0.683162239583   0.8616515625   
0.763860286458   0.679782877604   0.870397851562   
0.740785026042   0.677999804687   0.858034309896   
0.746326106771   0.685076171875   0.859919270833   
0.740836132812   0.679741666667   0.861408203125   
0.757038476563   0.677857161458   0.872426692708   
0.762265039062   0.688643815104   0.864878580729   
0.747802929687   0.680081575521   0.870683333333   
0.738857747396   0.681757682292   0.861394270833   
0.751675260417   0.699303450521   0.843833138021   
0.762032747396   0.681624348958   0.8740640625   
0.760326497396   0.681566015625   0.872266927083   
0.760515690104   0.681537369792   0.864994010417   
0.742416210937   0.685104557292   0.856271158854   
0.751718424479   0.681375976562   0.854380143229   
0.760438216146   0.677963606771   0.866768945313   
0.740500911458   0.679834440104   0.854501692708   
0.751752083333   0.674284244792   0.870744726562   
0.746001497396   0.685077473958   0.850772200521   
0.749608789062   0.68331640625   0.852438216146   
0.767858203125   0.68180625   0.872365625   
0.744226627604   0.683441471354   0.856243880208   
0.742395638021   0.683508984375   0.856273307292   
0.749679296875   0.674287565104   0.870454557292   
0.748047395833   0.674177864583   0.861291341146   
0.742736328125   0.674249739583   0.859511783854   
0.746222395833   0.675794791667   0.856172135417   
0.747986979167   0.671118815104   0.862684309896   
0.740947135417   0.672290039062   0.859386783854   
0.742705729167   0.672544401042   0.861074283854   
0.746275976562   0.669142578125   0.859150065104   
0.742722395833   0.672235091146   0.857571940104   
0.755530403646   0.669054361979   0.866941601562   
0.749772786458   0.669145833333   0.867191471354   
0.751770377604   0.676191341146   0.863156966146   
0.737041536458   0.674373567708   0.863115690104   
0.753247070312   0.688512109375   0.862155598958   
0.757140429687   0.688491861979   0.861815755208   
0.755433919271   0.684938346354   0.86008828125   
0.740645768229   0.677850716146   0.852443098958   
0.760291276042   0.683445442708   0.870378059896   
0.748137695312   0.68159375   0.858179492187   
0.748088411458   0.679898372396   0.861541731771   
0.756961783854   0.681697851562   0.870465755208   
0.765685351562   0.681698697917   0.870333072917   
0.751679817708   0.681330924479   0.858404557292   
0.744447070313   0.685217643229   0.863564778646   
0.755098502604   0.678016145833   0.863121289062   
0.755336328125   0.679596549479   0.859722916667   
0.742619856771   0.681556380208   0.865248372396   
0.753492773437   0.683015299479   0.860061848958   
0.749607356771   0.686749674479   0.860281445312   
0.762165234375   0.681476627604   0.864857942708   
0.753550065104   0.67819296875   0.86481796875   
0.757080143229   0.681328580729   0.859608984375   
0.74995390625   0.669248697917   0.864825716146   
0.740681966146   0.679835677083   0.850416927083   
0.753748828125   0.678145442708   0.872585872396   
0.747938346354   0.679499153646   0.850648958333   
0.749645833333   0.676243098958   0.866731119792   
0.746102539062   0.684791992187   0.845161328125   
0.751687565104   0.688506510417   0.848994791667   
0.748018229167   0.681323307292   0.846831054687   
0.749883203125   0.675995768229   0.861345377604   
0.740864908854   0.672425846354   0.862960026042   
0.747868880208   0.679521028646   0.848676627604   
0.749782486979   0.6850609375   0.850507096354   
0.749764973958   0.686540104167   0.848896354167   
0.753481901042   0.690603385417   0.852330664062   
0.740903776042   0.676486653646   0.867139388021   
0.746086328125   0.671191731771   0.864895182292   
0.746232552083   0.672905664062   0.864931640625   
0.751454947917   0.672765364583   0.866798177083   
0.744384830729   0.687253190104   0.861690755208   
0.742838997396   0.674443033854   0.862995377604   
0.746145963542   0.681709570313   0.863499804687   
0.765681705729   0.663463346354   0.872295117187   
0.751665104167   0.681333072917   0.856482682292   
0.735169270833   0.674431445312   0.865094921875   
0.764063346354   0.687011132813   0.864848828125   
0.76240703125   0.688741145833   0.863198697917   
0.747808463542   0.688730403646   0.86018984375   
0.765994986979   0.683495052083   0.866692903646   
0.762197981771   0.688879231771   0.870693359375   
0.760662044271   0.685038085937   0.861400455729   
0.747884830729   0.697321223958   0.841941927083   
0.751259114583   0.688451302083   0.860266927083   
0.742457552083   0.679640820312   0.856288541667   
0.760295507812   0.68518359375   0.870358984375   
0.758728515625   0.686951041667   0.863456184896   
0.758352799479   0.687168554687   0.872315690104   
0.749673307292   0.681436914062   0.85647578125   
0.753343098958   0.687124479167   0.865469140625   
0.749923307292   0.676047526042   0.863306966146   
0.751535091146   0.683103125   0.858394401042   
0.758500390625   0.685291210937   0.872319466146   
0.751579361979   0.683144075521   0.856415755208   
0.749813671875   0.679909570312   0.868720703125   
0.740979752604   0.676434570312   0.865163476563   
0.742715559896   0.678206445312   0.86508359375   
0.759121223958   0.686783919271   0.857976692708   
0.749914192708   0.678   0.861434895833   
0.757078059896   0.676355924479   0.864918945313   
0.751728710938   0.6835484375   0.865137890625   
0.765866731771   0.677790039063   0.870262760417   
0.765582356771   0.672555664062   0.873900846354   
0.738819791667   0.670396940104   0.864858138021   
0.736885807292   0.675942317708   0.854362304687   
0.756899804687   0.679889713542   0.874193815104   
0.756861914062   0.681693033854   0.872452278646   
0.765678645833   0.683730078125   0.870357617187   
0.751345247396   0.661436523437   0.859263736979   
0.745974479167   0.692339388021   0.845124934896   
0.740572070312   0.670618294271   0.862976236979   
0.747726497396   0.692086263021   0.843408463542   
0.747760611979   0.692276822917   0.845096354167   
0.740469466146   0.686774414062   0.845079166667   
0.742226757812   0.692142643229   0.843255533854   
0.747838932292   0.695397526042   0.839781770833   
0.742450846354   0.690281119792   0.839652278646   
0.745883203125   0.693389127604   0.839741015625   
0.747725   0.693476106771   0.839756380208   
0.747717057292   0.691538671875   0.837654296875   
0.742381575521   0.690101041667   0.837961979167   
0.746133007813   0.691855664062   0.836183723958   
0.744059830729   0.695379492187   0.839812044271   
0.745947070312   0.692129557292   0.843308789062   
0.745839518229   0.691844335937   0.841613606771   
0.747939908854   0.684658919271   0.832406966146   
0.751631054688   0.693787174479   0.834115169271   
0.749780078125   0.699159244792   0.839810546875   
0.762189322917   0.672368554688   0.868527018229   
0.7619484375   0.6780296875   0.875943619792   
0.748031054687   0.663191015625   0.861143880208   
0.761273893229   0.67611953125   0.855653190104   
0.749706380208   0.677707291667   0.846711132812   
0.764485742187   0.665351367187   0.868728710937   
0.749768164062   0.679335872396   0.843146549479   
0.759119596354   0.665322005208   0.850206835937   
0.766276692708   0.672017122396   0.857093294271   
0.759051497396   0.661679231771   0.866704947917   
0.749840559896   0.663534049479   0.859189192708   
0.746355533854   0.665188541667   0.859087760417   
0.758949153646   0.665595833333   0.866796223958   
0.762733723958   0.672280403646   0.857306901042   
0.7697953125   0.675958268229   0.871777734375   
0.767988932292   0.681778515625   0.868332747396   
0.748049414062   0.682984440104   0.837515820313   
0.755931380208   0.675601822917   0.850893880208   
0.753699414062   0.667465364583   0.854125455729   
0.75179921875   0.669156119792   0.862702864583   
0.764540950521   0.659547981771   0.864630078125   
0.753673697917   0.669044140625   0.858798958333   
0.75728515625   0.668845638021   0.860811588542   
0.753645182292   0.677521484375   0.856219270833   
0.751896614583   0.670213151042   0.849035481771   
0.757284505208   0.665699674479   0.857286653646   
0.757306315104   0.667384700521   0.859173828125   
0.758997851562   0.665495833333   0.853839713542   
0.764652408854   0.663401757812   0.866448828125   
0.762418359375   0.679434375   0.862794726563   
0.757690755208   0.670270963542   0.849036002604   
0.75563515625   0.67550625   0.854309570312   
0.761127213542   0.683031119792   0.857557421875   
0.753786197917   0.673601106771   0.854352539062   
0.757172526042   0.665621354167   0.8538171875   
0.75370625   0.670299414062   0.852711197917   
0.751914973958   0.675893880208   0.859651497396   
0.755546354167   0.670301888021   0.852691796875   
0.758839908854   0.668987890625   0.85566484375   
0.755304101563   0.672384570312   0.859028125   
0.755511653646   0.665787955729   0.857254361979   
0.760848958333   0.679405794271   0.860975651042   
0.755664648438   0.670355403646   0.850947005208   
0.749953385417   0.67051796875   0.855974023437   
0.760995898437   0.677772395833   0.859315299479   
0.753725911458   0.671813085937   0.852698372396   
0.757761132812   0.675627473958   0.852518619792   
0.766315364583   0.661770898437   0.859063476562   
0.766507291667   0.661696158854   0.857357617187   
0.76099375   0.673995638021   0.855623697917   
0.769845442708   0.665352408854   0.858851497396   
0.755450260417   0.69374765625   0.832322526042   
0.767977669271   0.670311393229   0.862617838542   
0.768039192708   0.659668815104   0.86651015625   
0.753508463542   0.67037265625   0.833909635417   
0.764232942708   0.676113671875   0.857136848958   
0.755621354167   0.683012955729   0.850442513021   
0.749874023437   0.672038606771   0.846780403646   
0.751689453125   0.677883854167   0.846722460938   
0.753778515625   0.693895638021   0.847306901042   
0.75766484375   0.700851041667   0.838097005208   
0.749893164062   0.683179817708   0.843218098958   
0.766154817708   0.663575846354   0.864564127604   
0.762970833333   0.665527408854   0.860829557292   
0.761061263021   0.663722265625   0.857489322917   
0.766329361979   0.668630403646   0.862465690104   
0.760690755208   0.674302408854   0.864727929687   
0.766221028646   0.665490364583   0.860741731771   
0.762822981771   0.668695182292   0.859217643229   
0.764441796875   0.668734309896   0.864424088542   
0.762476888021   0.674321940104   0.864684244792   
0.769897786458   0.66682265625   0.858945377604   
0.751741015625   0.670326888021   0.845041601562   
0.764147786458   0.679433789062   0.860888802083   
0.768252864583   0.661689257812   0.860758398438   
0.764662695312   0.659614908854   0.857486002604   
0.759523307292   0.679317122396   0.854144986979   
0.757985807292   0.675720507812   0.850824414062   
0.757718294271   0.666716992187   0.846827148437   
0.762694856771   0.667049348958   0.866522135417   
0.766142903646   0.661597395833   0.864737304687   
0.757096028646   0.699074348958   0.832395182292   
0.75929296875   0.659594856771   0.857483138021   
0.766343164062   0.666891992187   0.866556315104   
0.7499515625   0.672459505208   0.860989127604   
0.757413020833   0.659534375   0.859164648437   
0.757287239583   0.659548111979   0.86105   
0.759095833333   0.670654036458   0.864708984375   
0.760767773437   0.672482747396   0.861   
0.755848111979   0.679391731771   0.852557421875   
0.751856184896   0.67376328125   0.857690820312   
0.75367109375   0.670267057292   0.846994140625   
0.757522981771   0.680941666667   0.856087174479   
0.755582486979   0.665536523437   0.86280390625   
0.759083333333   0.6974453125   0.830700065104   
0.751777604167   0.667291145833   0.860800585937   
0.749986002604   0.670190559896   0.848905143229   
0.762775130208   0.692551432292   0.859384179687   
0.753691992187   0.671909440104   0.844947200521   
0.76086328125   0.670635026042   0.861043098958   
0.751828385417   0.663325651042   0.852012630208   
0.757228971354   0.661617773437   0.853535546875   
0.751780794271   0.677730664062   0.842991666667   
0.753614453125   0.670419140625   0.832148502604   
0.753868359375   0.692145052083   0.847222591146   
0.753681901042   0.693805403646   0.834208072917   
0.753761067708   0.688543229167   0.844948502604   
0.753857682292   0.697456380208   0.843573893229   
0.753833268229   0.684621158854   0.826875195312   
0.755526367187   0.679241210937   0.826912695313   
0.75576328125   0.695663606771   0.839666927083   
0.757583984375   0.699114518229   0.839838867187   
0.753457356771   0.68482265625   0.850484895833   
0.749635416667   0.660734960937   0.846619466146   
0.745589778646   0.668237434896   0.8429234375   
0.733348763021   0.661045507812   0.858728125   
0.741986848958   0.659126302083   0.853275390625   
0.74211171875   0.662741927083   0.850262369792   
0.743803776042   0.662744596354   0.853463802083   
0.743829231771   0.658950065104   0.850144205729   
0.747611653646   0.666468359375   0.846699023437   
0.734741471354   0.675789648437   0.850035546875   
0.747687369792   0.664490169271   0.843004752604   
0.743969661458   0.684334765625   0.828589648437   
0.734940559896   0.673733854167   0.840818489583   
0.738272135417   0.668368424479   0.835542773438   
0.740555013021   0.662638997396   0.850188671875   
0.735272591146   0.666671354167   0.851791861979   
0.735169726563   0.670316666667   0.859291796875   
0.733242317708   0.668328971354   0.857380664062   
0.736976236979   0.670289908854   0.859204427083   
0.740282942708   0.663072135417   0.856847526042   
0.737125195312   0.670093880208   0.855462304687   
0.737077408854   0.668673567708   0.855490039062   
0.743921223958   0.663040104167   0.856831705729   
0.727916992187   0.670588411458   0.85184453125   
0.731545182292   0.668545638021   0.848480338542   
0.743708203125   0.666594010417   0.850385286458   
0.738968098958   0.671548567708   0.854114127604   
0.736934635417   0.673707877604   0.854182552083   
0.744109049479   0.663080859375   0.858883268229   
0.731251888021   0.672268294271   0.848467513021   
0.742453059896   0.659175   0.860757942708   
0.736724348958   0.666609244792   0.860797135417   
0.731877083333   0.666784570312   0.861033072917   
0.733515820312   0.665010091146   0.862726692708   
0.738884635417   0.671443815104   0.852322591146   
0.739719401042   0.67389765625   0.828462955729   
0.735160872396   0.670020507812   0.848512239583   
0.74750625   0.664745898437   0.850300195312   
0.729786914062   0.668594726562   0.850192513021   
0.738603385417   0.675499479167   0.846577408854   
0.735388476562   0.666602734375   0.848530403646   
0.736866341146   0.668400455729   0.860948893229   
0.733372851562   0.664522135417   0.853776236979   
0.736906901042   0.666637109375   0.85355625   
0.736883138021   0.6646046875   0.851810026042   
0.731499674479   0.664664127604   0.848540104167   
0.745641015625   0.664576888021   0.850355794271   
0.743630664062   0.664555989583   0.84285703125   
0.726119075521   0.664817122396   0.857317578125   
0.728351302083   0.664794466146   0.857155273437   
0.734848242187   0.673740169271   0.844632291667   
0.734883854167   0.671900455729   0.848311132812   
0.740420247396   0.681064778646   0.841224023437   
0.731313736979   0.670368554687   0.844753710937   
0.735081640625   0.671798502604   0.853906705729   
0.738700846354   0.664853710938   0.846424739583   
0.744046875   0.664921028646   0.8568546875   
0.7416890625   0.66627890625   0.839249414062   
0.734666536458   0.673700846354   0.848157942708   
0.745645247396   0.664513606771   0.844729947917   
0.738649804687   0.6793609375   0.842788476562   
0.745974609375   0.677321940104   0.841300846354   
0.742314388021   0.675705664062   0.842999739583   
0.743957486979   0.680923697917   0.843107356771   
0.73136015625   0.670391341146   0.846687825521   
0.742444205729   0.681104882812   0.84473203125   
0.743816601562   0.671866145833   0.850602148437   
0.738594856771   0.664867773437   0.844736263021   
0.736963671875   0.666383723958   0.842929882812   
0.740151953125   0.664757486979   0.84660546875   
0.738559830729   0.673827473958   0.838967447917   
0.738203645833   0.668367513021   0.830186458333   
0.729587890625   0.670519205729   0.848448111979   
0.729539778646   0.672302929687   0.851865885417   
0.7296859375   0.668597395833   0.848452018229   
0.726059700521   0.666786914063   0.853475716146   
0.732764778646   0.675547265625   0.848210481771   
0.726198763021   0.667010807292   0.855469791667   
0.742293033854   0.681032226562   0.842940234375   
0.738566341146   0.681176236979   0.842831966146   
0.745781054687   0.680956835937   0.843153450521   
0.736973763021   0.668556705729   0.862920638021   
0.731475716146   0.670371354167   0.859174934896   
0.744040885417   0.686397591146   0.828722981771   
0.732768229167   0.673761067708   0.852074088542   
0.734671419271   0.675549414062   0.844619401042   
0.7296   0.670580664062   0.8429078125   
0.74559375   0.67563359375   0.830647916667   
0.738640039062   0.673657356771   0.840738671875   
0.745731966146   0.678939648437   0.834015169271   
0.743939973958   0.680703645833   0.835626953125   
0.726002539063   0.668932617187   0.853590364583   
0.731173828125   0.672335872396   0.846619921875   
0.729456835937   0.674106315104   0.851865299479   
0.738227929687   0.678946289062   0.835477473958   
0.745519466146   0.679202864583   0.826656510417   
0.741802278646   0.67554921875   0.834172526042   
0.739912044271   0.672080924479   0.832297265625   
0.743657552083   0.670311328125   0.833990364583   
0.738242252604   0.67725   0.8370578125   
0.740017122396   0.672288606771   0.833992057292   
0.741866992187   0.673920052083   0.835409895833   
0.736717578125   0.673781705729   0.83904140625   
0.738531119792   0.675393684896   0.840718684896   
0.743710351562   0.673895247396   0.837140755208   
0.741875716146   0.670189192708   0.837334114583   
0.74009609375   0.678820182292   0.835334570313   
0.736662304687   0.675717578125   0.838843424479   
0.743704361979   0.678822265625   0.832302669271   
0.736658723958   0.670149088542   0.835354231771   
0.739963476562   0.680558854167   0.835434179688   
0.740227864583   0.671984244792   0.839228841146   
0.73981171875   0.680721549479   0.832070963542   
0.743843424479   0.698166666667   0.856586783854   
0.738608658854   0.683584244792   0.858036328125   
0.738477278646   0.68524296875   0.8563203125   
0.738605989583   0.696452148437   0.854596289063   
0.735049348958   0.683884505208   0.859587565104   
0.738542513021   0.689102408854   0.858073567708   
0.740478515625   0.689396614583   0.863564257813   
0.736612304687   0.691002148437   0.861692252604   
0.736488020833   0.684811914062   0.846714778646   
0.738364778646   0.684852604167   0.844968815104   
0.735097526042   0.676081901042   0.857396419271   
0.736582617187   0.684990755208   0.848712565104   
0.740080664062   0.695565820312   0.838000065104   
0.749406119792   0.692712825521   0.858293294271   
0.734885611979   0.687309114583   0.861535611979   
0.742153645833   0.691123111979   0.856210286458   
0.751283528646   0.694474479167   0.856392643229   
0.734892122396   0.679943554687   0.855967447917   
0.749413541667   0.703254622396   0.853000130208   
0.734676367187   0.678007552083   0.854400911458   
0.747374153646   0.704646549479   0.849608398437   
0.738315429687   0.699794140625   0.851099804687   
0.751214322917   0.692802669271   0.860188151042   
0.749303580729   0.696246875   0.856402929687   
0.75148203125   0.70126796875   0.8549546875   
0.747687239583   0.704915559896   0.845888606771   
0.738277604167   0.696393164062   0.849335416667   
0.749391341146   0.694375455729   0.853036197917   
0.743948893229   0.692567578125   0.851123502604   
0.742134960937   0.691123893229   0.857914973958   
0.740361783854   0.69970546875   0.849565169271   
0.740546549479   0.698117513021   0.852651888021   
0.744058723958   0.688793294271   0.849229622396   
0.747286979167   0.699355533854   0.852866341146   
0.745626367187   0.698010221354   0.852747721354   
0.740551888021   0.698245703125   0.854679622396   
0.734771614583   0.689025325521   0.852776757812   
0.747473046875   0.696269726562   0.854778971354   
0.745764908854   0.694583984375   0.854717643229   
0.740526302083   0.692739322917   0.856376106771   
0.742133723958   0.692849088542   0.857918164062   
0.745719856771   0.697526236979   0.847839713542   
0.745533528646   0.702941341146   0.851117447917   
0.740426367187   0.696354427083   0.849439192708   
0.743815559896   0.692644986979   0.854625   
0.742259179687   0.698171679687   0.854624414062   
0.745531054687   0.697932421875   0.851131445312   
0.731329622396   0.668570247396   0.865021809896   
0.733301497396   0.666641471354   0.86486171875   
0.736797395833   0.666689583333   0.86503125   
0.731430598958   0.663241992187   0.865188802083   
0.735070898437   0.666316861979   0.837364908854   
0.740156770833   0.662769205729   0.842691796875   
0.731643880208   0.666428710938   0.8445578125   
0.738535481771   0.671656770833   0.840875911458   
0.745869075521   0.680688606771   0.832181380208   
0.747608268229   0.668254947917   0.841060872396   
0.73475859375   0.675834049479   0.852297460937   
0.747700130208   0.670278841146   0.830457096354   
0.743676106771   0.664569986979   0.844798502604   
0.744001692708   0.673882617187   0.850577929688   
0.742473632813   0.671683268229   0.854097005208   
0.744133854167   0.671824283854   0.854269140625   
0.747731901042   0.673845052083   0.832338802083   
0.744414192708   0.670578841146   0.857247526042   
0.73135625   0.672223893229   0.853852083333   
0.747831901042   0.679046614583   0.839354947917   
0.747664453125   0.670233658854   0.828646289062   
0.727975651042   0.670677604167   0.853772135417   
0.727816536458   0.670730208333   0.857510872396   
0.731151627604   0.674145768229   0.857393945312   
0.736578645833   0.677751171875   0.850277018229   
0.770014192708   0.682161263021   0.878310481771   
0.766264257812   0.649619661458   0.835776041667   
0.753567708333   0.66595625   0.826396028646   
0.757237044271   0.664292513021   0.824616276042   
0.755350390625   0.659023828125   0.849723372396   
0.753598697917   0.656938085937   0.848007552083   
0.756956640625   0.65716953125   0.849514192708   
0.753605143229   0.658895768229   0.846559440104   
0.751566536458   0.664307877604   0.835899414063   
0.751672591146   0.662462109375   0.840887565104   
0.753271809896   0.657089908854   0.85156015625   
0.751439192708   0.655209895833   0.857188151042   
0.74965546875   0.662449023438   0.846625130208   
0.753395833333   0.664119856771   0.824460026042   
0.753389257812   0.662203971354   0.826390104167   
0.749686393229   0.668037825521   0.828573567708   
0.728183072917   0.66876875   0.853691927083   
0.745422916667   0.666263411458   0.837555078125   
0.745718945313   0.666654557292   0.850513867187   
0.749806966146   0.666248372396   0.837476432292   
0.749774023437   0.662464192708   0.837499609375   
0.753392643229   0.661089908854   0.849944205729   
0.753421223958   0.666435286458   0.840859505208   
0.755460611979   0.660999479167   0.848127539062   
0.755549348958   0.662497591146   0.841085677083   
0.751563085937   0.673744075521   0.824745442708   
0.753475520833   0.677484114583   0.822695963542   
0.753593815104   0.684474283854   0.822900520833   
0.749942447917   0.6827828125   0.826700846354   
0.751735221354   0.668320377604   0.841041731771   
0.751631380208   0.67021875   0.830514908854   
0.749841927083   0.672002083333   0.835645638021   
0.7300859375   0.662920768229   0.861094726562   
0.747694335938   0.679123828125   0.843159375   
0.747807617187   0.668282486979   0.832217838542   
0.738569270833   0.677612630208   0.846518424479   
0.747685351562   0.674201692708   0.844823242187   
0.749708789062   0.66839921875   0.837314127604   
0.749812630208   0.680802018229   0.824542317708   
0.749673111979   0.682577408854   0.822483463542   
0.751472851562   0.671652669271   0.822647005208   
0.755331054687   0.679340299479   0.820455143229   
0.753614518229   0.684423958333   0.820594401042   
0.757198177083   0.679270117187   0.820598111979   
0.761383723958   0.669858984375   0.820564973958   
0.76498515625   0.6715015625   0.818751692708   
0.764993359375   0.673472460938   0.818751822917   
0.763214127604   0.679140755208   0.818619401042   
0.763153515625   0.67728046875   0.820830794271   
0.778145442708   0.674404166667   0.866137890625   
0.779812630208   0.670895442708   0.864256770833   
0.781755729167   0.671019661458   0.860649739583   
0.780143098958   0.674477408854   0.860665429688   
0.771148307292   0.695515299479   0.830593945312   
0.769992708333   0.677835611979   0.860721679687   
0.78162578125   0.670886848958   0.865964583333   
0.779872916667   0.682490755208   0.839451432292   
0.776494401042   0.695792708333   0.849022851563   
0.768427864583   0.672310221354   0.853127994792   
0.769362044271   0.663124869792   0.830345572917   
0.770817643229   0.666631054687   0.833999023437   
0.770825260417   0.679554817708   0.849750976562   
0.783521744792   0.663490039062   0.840558723958   
0.778530989583   0.688055403646   0.826960546875   
0.763670442708   0.668675716146   0.8466640625   
0.770870703125   0.668482421875   0.832205859375   
0.770967513021   0.688563476562   0.847043945312   
0.776472591146   0.683787174479   0.852856510417   
0.771973893229   0.661284895833   0.864487695313   
0.770940885417   0.685217447917   0.851890494792   
0.776456510417   0.693865559896   0.852375651042   
0.776589973958   0.687359309896   0.854842317708   
0.7749046875   0.692065950521   0.852304947917   
0.776771223958   0.688408007813   0.848826041667   
0.774896028646   0.688806315104   0.852002994792   
0.7765921875   0.690158919271   0.847118033854   
0.771183463542   0.690442903646   0.852074739583   
0.769170572917   0.693849283854   0.847132617187   
0.781980143229   0.688520052083   0.850460807292   
0.780096028646   0.674460481771   0.864182291667   
0.763832747396   0.673930598958   0.846967643229   
0.772924348958   0.695732356771   0.850888085937   
0.765369466146   0.672498177083   0.848381770833   
0.772805078125   0.668407747396   0.832205598958   
0.772862955729   0.690512434896   0.850701367187   
0.7804609375   0.690641731771   0.856904882812   
0.780137239583   0.68509453125   0.848545768229   
0.782102148437   0.688455598958   0.841605273437   
0.782369270833   0.685554882812   0.855094466146   
0.780025065104   0.688429882812   0.848836979167   
0.774718554687   0.692115494792   0.848916731771   
0.780135221354   0.689963085937   0.845237174479   
0.774659570312   0.685179427083   0.850030924479   
0.780076432292   0.686985742187   0.850171223958   
0.776371289062   0.695904882812   0.853911914062   
0.776473958333   0.685283333333   0.849984375   
0.774732552083   0.693868294271   0.848946679687   
0.778315755208   0.687444921875   0.853273697917   
0.770416080729   0.657622526042   0.860893619792   
0.772966992187   0.697560026042   0.834221875   
0.761456966146   0.673637890625   0.822888932292   
0.776552864583   0.686499153646   0.847031054687   
0.757536523437   0.664561263021   0.830064713542   
0.776570182292   0.68402734375   0.854925065104   
0.776528385417   0.692628450521   0.858952148437   
0.757759309896   0.681345963542   0.850554752604   
0.778141666667   0.661659570312   0.833521419271   
0.770039778646   0.679909635417   0.862843098958   
0.755621419271   0.673843684896   0.824979427083   
0.755731770833   0.671743815104   0.824942317708   
0.759069661458   0.66110703125   0.846364778646   
0.753570507812   0.668481705729   0.840957617187   
0.755329036458   0.677478841146   0.82489921875   
0.757483723958   0.684580533854   0.822843164062   
0.757300325521   0.664402604167   0.826554492187   
0.755464778646   0.66435546875   0.835817382812   
0.755717643229   0.669724544271   0.824930143229   
0.757561328125   0.662657486979   0.841099609375   
0.761033138021   0.659115169271   0.846053255208   
0.772165625   0.651654427083   0.842478710937   
0.766811263021   0.657118880208   0.840999674479   
0.772175455729   0.653707291667   0.835892513021   
0.765217057292   0.657114518229   0.846039908854   
0.771115494792   0.695603450521   0.83239453125   
0.772229166667   0.653643164062   0.833917643229   
0.766723763021   0.6554625   0.855174739583   
0.766992773437   0.657121158854   0.834010742187   
0.768611523437   0.655491992187   0.853176627604   
0.763207291667   0.660628515625   0.826224739583   
0.772038085938   0.653317838542   0.849644140625   
0.772131054687   0.653427278646   0.847875585938   
0.772244466146   0.651746028646   0.833820442708   
0.774158072917   0.651742838542   0.837670833333   
0.766538671875   0.65356796875   0.844110807292   
0.763145572917   0.656977994792   0.845904622396   
0.764899023437   0.655188736979   0.853319726562   
0.768384830729   0.653625846354   0.835741992187   
0.764623307292   0.655382356771   0.855482291667   
0.761013997396   0.660598632812   0.826220442708   
0.763001627604   0.6566   0.830015950521   
0.766372070312   0.649640690104   0.83188671875   
0.764553971354   0.651428645833   0.840907096354   
0.757469986979   0.658711263021   0.841026692708   
0.761059765625   0.658581575521   0.832098111979   
0.766416341146   0.651634440104   0.83395078125   
0.764730859375   0.653272395833   0.832194661458   
0.762770833333   0.653253255208   0.841008854167   
0.759432617187   0.656844401042   0.842570833333   
0.761237434896   0.656590234375   0.839257942708   
0.768450325521   0.651369205729   0.844258333333   
0.768409179687   0.653153320312   0.857028385417   
0.77029453125   0.649743815104   0.841057486979   
0.774065690104   0.653359179687   0.846092773438   
0.770412565104   0.651332096354   0.851470182292   
0.764869726562   0.654996484375   0.830134049479   
0.757318359375   0.666089453125   0.822513867187   
0.767010026042   0.669588932292   0.818702408854   
0.774436653646   0.653447395833   0.829567643229   
0.784202929687   0.653540169271   0.833646484375   
0.791078125   0.651814257813   0.838626432292   
0.787403580729   0.657255533854   0.858632226562   
0.783659244792   0.655439583333   0.855372005208   
0.779737695312   0.653315234375   0.860692057292   
0.781510221354   0.653381510417   0.847968229167   
0.775950911458   0.653025390625   0.849590039062   
0.770494921875   0.651465494792   0.849648502604   
0.772306575521   0.651571940104   0.831626888021   
0.779698046875   0.651667643229   0.844175   
0.783430013021   0.653562825521   0.845710546875   
0.774416276042   0.65165546875   0.833647916667   
0.772276171875   0.653545833333   0.831817578125   
0.772505273437   0.653422721354   0.857038411458   
0.779675716146   0.655329622396   0.862499283854   
0.774213997396   0.651754492187   0.83571875   
0.77594453125   0.655430598958   0.860712109375   
0.772440234375   0.655487825521   0.858866861979   
0.785226236979   0.653477994792   0.849701822917   
0.787287434896   0.655697851562   0.851697070312   
0.783813867188   0.657390429687   0.858672200521   
0.785396158854   0.6576640625   0.853601497396   
0.765407161458   0.6919359375   0.849093359375   
0.768518554687   0.653686588542   0.844156445313   
0.767143684896   0.688573372396   0.851920182292   
0.776187434896   0.65547890625   0.833759440104   
0.777698307292   0.655635611979   0.842344921875   
0.768753776042   0.657401367187   0.84410234375   
0.770628710937   0.657430013021   0.830082486979   
0.768591341146   0.655468684896   0.841065950521   
0.770446484375   0.653714192708   0.840832486979   
0.777773828125   0.653592057292   0.844173763021   
0.779701041667   0.655459960937   0.851581054688   
0.770804101562   0.65725546875   0.826297721354   
0.765290429687   0.668069921875   0.822754361979   
0.769008333333   0.673363020833   0.820818098958   
0.768870572917   0.657274674479   0.828091666667   
0.772697851563   0.669555533854   0.821073177083   
0.772931510417   0.673337630208   0.820955403646   
0.778521940104   0.673556770833   0.822877213542   
0.78726796875   0.662913216146   0.835191992187   
0.787382356771   0.666564388021   0.833440755208   
0.776412109375   0.657570377604   0.829523893229   
0.769309895833   0.664473111979   0.822473632812   
0.774661588542   0.678826367188   0.820887695312   
0.785618945312   0.668051692708   0.831903125   
0.781909309896   0.657779427083   0.840635286458   
0.782002604167   0.657630989583   0.839085807292   
0.755894075521   0.672331770833   0.837483658854   
0.776597721354   0.684638346354   0.820962109375   
