0.78974289 0.58051123 0.90007454
0.78974803 0.58148379 0.90008657
0.79069841 0.58238821 0.89612067
0.79071377 0.58045038 0.89609141
0.79165614 0.59299179 0.90098972
0.79169120 0.59010272 0.89328496
0.79169227 0.59108155 0.89423828
0.79169241 0.58713128 0.89318023
0.79169548 0.58619467 0.89314656
0.79170590 0.59209612 0.89622407
0.79258734 0.58713730 0.90488976
0.79260478 0.58525317 0.89221876
0.79264713 0.58908995 0.89126999
0.79265060 0.59399234 0.89813905
0.79274672 0.59208176 0.89225363
0.79275514 0.59310528 0.89326786
0.79361741 0.58809689 0.89028962
0.79362476 0.58519833 0.89123432
0.79363685 0.59013632 0.89031373
0.79370324 0.59501893 0.89711507
0.79372602 0.59306981 0.89130044
0.79461561 0.58907760 0.88928420
0.79541156 0.56910001 0.90000261
0.79541684 0.56907857 0.90099807
0.79543193 0.57194781 0.90487533
0.79543875 0.57295610 0.90582644
0.79544609 0.56914303 0.89792898
0.79559565 0.58708506 0.88928460
0.79562718 0.59595902 0.89421176
0.79641444 0.56711616 0.89800787
0.79643020 0.58244378 0.90973183
0.79643187 0.57689034 0.90882253
0.79643321 0.58338969 0.90974699
0.79657448 0.59103927 0.88734917
0.79658023 0.59207147 0.88739419
0.79738579 0.58150543 0.91072415
0.79739194 0.57961830 0.91074018
0.79740262 0.56706339 0.90297184
0.79740650 0.56602745 0.89905283
0.79740930 0.57594604 0.90978132
0.79745446 0.56607915 0.89697860
0.79746141 0.59975446 0.90567495
0.79746889 0.59497171 0.88747943
0.79751157 0.59202579 0.88642244
0.79834191 0.57688566 0.91076663
0.79836169 0.56805124 0.90676948
0.79836736 0.56606145 0.90387993
0.79838453 0.59864971 0.91155757
0.79840070 0.57101941 0.90881050
0.79840504 0.56500713 0.90002779
0.79842234 0.57298188 0.90980851
0.79849034 0.56507133 0.89598073
0.79937178 0.59964578 0.91151502
0.79941707 0.56907844 0.90881505
0.79941887 0.57104526 0.90981753
0.79942348 0.56406584 0.90293062
0.80034059 0.59580860 0.91256473
0.80035315 0.59670921 0.91258249
0.80035355 0.60061179 0.91151282
0.80035990 0.56305782 0.89998604
0.80036551 0.56307745 0.90101050
0.80037419 0.59767809 0.91258884
0.80037980 0.56305955 0.89797901
0.80039664 0.59866908 0.91257020
0.80039737 0.59961445 0.91254502
0.80040071 0.56307652 0.90202279
0.80040585 0.57006529 0.90983937
0.80041654 0.56598643 0.90681583
0.80045762 0.56803822 0.90883175
0.80121917 0.59481240 0.88359228
0.80131241 0.56210523 0.89896339
0.80133593 0.59194757 0.91267046
0.80135129 0.57200385 0.91081606
0.80143819 0.56901772 0.90985126
0.80235484 0.58912088 0.91273920
0.80236726 0.56210650 0.90304444
0.80239231 0.57096737 0.91083403
0.80249217 0.56796454 0.90984117
0.80333467 0.56013424 0.89899004
0.80335738 0.56014069 0.90001142
0.80343848 0.56994352 0.91084806
0.80348764 0.56597895 0.90885633
0.80513069 0.60356592 0.90574869
0.80519048 0.60160659 0.91062763
0.80521953 0.60061332 0.91163532
0.80604153 0.55748243 0.89314068
0.80604701 0.55745577 0.89510637
0.80605168 0.55746322 0.89412894
0.80608194 0.60358162 0.90574268
0.80614179 0.60260072 0.90869915
0.80618614 0.60159182 0.91063010
0.80619396 0.55827233 0.90012711
0.80623136 0.59865165 0.91264822
0.80705617 0.55735618 0.89917687
0.80721581 0.59767836 0.91269117
0.80722235 0.59961225 0.91170405
0.80819551 0.60059055 0.91073123
0.80825683 0.56801778 0.91179303
0.80828996 0.57093945 0.91274768
0.80885846 0.55552673 0.89722742
0.80923179 0.56708036 0.91178855
0.80925410 0.56997010 0.91274902
0.81024843 0.56898626 0.91275383
0.81087338 0.55647226 0.90118530
0.81097611 0.57667251 0.88255874
0.81117523 0.56613519 0.91179784
0.81122085 0.56806414 0.91273606
0.81165162 0.55371792 0.89733109
0.81178394 0.55556811 0.90029223
0.81189282 0.55742064 0.90310937
0.81268309 0.55463276 0.89933351
0.81321038 0.56810034 0.91274895
0.81321045 0.57860901 0.91375143
0.81321118 0.57292450 0.91372705
0.81322033 0.57956720 0.91373166
0.81345906 0.55186055 0.89337708
0.81351604 0.55180998 0.89440006
0.81366613 0.55368803 0.89839635
0.81377447 0.55558124 0.90132597
0.81404613 0.59087849 0.91276558
0.81417726 0.58149407 0.91372404
0.81421019 0.57097599 0.91374228
0.81468865 0.60824327 0.87896049
0.81475571 0.55465701 0.90038541
0.81500186 0.56322381 0.90984705
0.81511681 0.58145714 0.91375090
0.81565025 0.60925730 0.88190360
0.81566234 0.60535052 0.87793082
0.81566855 0.60927334 0.88291062
0.81566909 0.60927714 0.88387443
0.81568345 0.60923413 0.87991133
0.81569059 0.60630370 0.87793149
0.81603700 0.56426630 0.91084292
0.81606966 0.57099309 0.91374882
0.81635702 0.55095419 0.89038774
0.81671371 0.60727145 0.87793209
0.81734200 0.54993334 0.89142736
0.81738114 0.54991233 0.89355055
0.81761473 0.60929738 0.88385385
0.81764572 0.60929197 0.88286727
0.81770597 0.60924161 0.87988922
0.81829639 0.54992866 0.89043617
0.81843198 0.54992021 0.89462891
0.81865962 0.60928022 0.88184335
0.81868875 0.60925784 0.88087587
0.81882982 0.59774349 0.90893100
0.81899140 0.58049326 0.91379665
0.81900656 0.58140964 0.91379224
0.81926320 0.55096788 0.88844230
0.81927996 0.54992699 0.88945286
0.81934101 0.54891857 0.89149983
0.81938570 0.54891750 0.89251841
0.81945377 0.54992161 0.89463852
0.81957827 0.60930981 0.88479822
0.81962276 0.60927768 0.88280736
0.81973845 0.59875411 0.90792906
0.82036580 0.54891974 0.89257205
0.82135873 0.54891773 0.88948819
0.82137409 0.54892551 0.89257672
0.82142720 0.60552780 0.89544335
0.82170447 0.57773918 0.91381021
0.82230670 0.55086488 0.89561522
0.82235326 0.54888828 0.88951244
0.82239060 0.54888300 0.89152922
0.82250997 0.60729550 0.87887886
0.82332849 0.60456500 0.89738239
0.82358545 0.56327918 0.91089896
0.82372185 0.58982632 0.91093757
0.82466809 0.58887260 0.91096996
0.82498130 0.55471278 0.88367170
0.82545328 0.56326923 0.91091893
0.82550946 0.57967541 0.91283819
0.82563717 0.59181718 0.90994751
0.82637233 0.57686963 0.91285028
0.82639404 0.57782428 0.91284360
0.82709600 0.54992906 0.88456958
0.82814424 0.56429048 0.91097417
0.82905968 0.55080600 0.89457600
0.82907645 0.56530124 0.91100724
0.82908139 0.54984887 0.89251206
0.83000752 0.54983104 0.89052534
0.83000939 0.54984233 0.88853788
0.83004686 0.54983341 0.89148567
0.83086205 0.56240809 0.90908791
0.83087233 0.56339019 0.91002306
0.83183894 0.55080239 0.88657547
0.83193920 0.59374666 0.90627465
0.83194221 0.55280778 0.89659960
0.83196980 0.55175938 0.89458135
0.83281136 0.56446849 0.91003715
0.83289893 0.60162763 0.90034975
0.83295872 0.56925919 0.91100777
0.83372921 0.56245465 0.90813152
0.83374792 0.56370688 0.87976679
0.83380162 0.59961692 0.90142490
0.83384517 0.55976846 0.88068597
0.83397529 0.57305950 0.91096161
0.83400956 0.57494917 0.91096589
0.83437567 0.57108861 0.87795173
0.83470143 0.55173296 0.88660733
0.83489421 0.55277372 0.89461615
0.83495346 0.56928664 0.90998752
0.83579629 0.55174960 0.89163155
0.83581800 0.56750472 0.90911469
0.83654695 0.60367727 0.89441429
0.83662123 0.60269957 0.89638351
0.83667313 0.60070403 0.89943023
0.83667360 0.56356026 0.90719290
0.83674019 0.55173186 0.88867562
0.83679142 0.57681760 0.91002687
0.83680726 0.55868028 0.88069439
0.83680846 0.57586521 0.91001471
0.83728585 0.57001145 0.87794859
0.83769164 0.56456561 0.90716003
0.83773198 0.55463173 0.89649914
0.83774681 0.55270979 0.88764929
0.83776304 0.55276577 0.89167016
0.83777914 0.57212949 0.90907789
0.83874355 0.57582841 0.90908156
0.83957516 0.56363901 0.90526676
0.83960034 0.56162196 0.90334282
0.83961477 0.57396706 0.90813432
0.83968257 0.55764741 0.88073774
0.83972352 0.55566623 0.89548757
0.84059120 0.56658012 0.90623063
0.84062921 0.56264595 0.90330315
0.84063782 0.55662880 0.88174383
0.84065192 0.55846837 0.89829629
0.84145107 0.55853033 0.88074662
0.84149823 0.58792790 0.90535419
0.84150417 0.58138279 0.90723398
0.84151045 0.58047857 0.90723157
0.84152054 0.58511290 0.90627137
0.84153156 0.57859358 0.90719330
0.84153931 0.57954342 0.90720105
0.84157551 0.56365331 0.90328885
0.84164291 0.55755199 0.89545504
0.84232310 0.60171707 0.89554388
0.84248895 0.58323038 0.90628754
0.84259516 0.56045764 0.89835815
0.84303067 0.58917686 0.87404421
0.84331743 0.60069769 0.89559552
0.84338676 0.58696155 0.90438632
0.84340079 0.58506708 0.90534584
0.84360438 0.55856550 0.89353692
0.84431910 0.59969781 0.89562604
0.84448195 0.55944063 0.89355055
0.84453406 0.56245244 0.89742660
0.84496202 0.59104735 0.87401749
0.84526935 0.57778688 0.90441076
0.84527823 0.57867640 0.90441464
0.84697967 0.58046982 0.87509645
0.84707118 0.60268688 0.88973714
0.84707953 0.60268241 0.89070496
0.84795597 0.58643687 0.87409912
0.84797453 0.59108950 0.87406432
0.84797547 0.58738872 0.87408135
0.84798836 0.60172228 0.88565682
0.84814059 0.57675888 0.90055140
0.84823444 0.58510435 0.90147386
0.84893360 0.58049914 0.87505036
0.84899759 0.60175280 0.88671875
0.84901856 0.60175494 0.88875524
0.84905416 0.60170772 0.89075826
0.84906238 0.56989175 0.87789916
0.84912343 0.58056801 0.90055868
0.84913940 0.58330893 0.90054199
0.84990482 0.58051865 0.87504716
0.84992138 0.57654968 0.87600074
0.85005310 0.57867373 0.89867082
0.85008837 0.56700475 0.87989924
0.85011088 0.56604782 0.88086839
0.85092239 0.58052847 0.87504970
0.85096006 0.57654941 0.87601544
0.85098758 0.57084734 0.87794271
0.85110254 0.56703507 0.88088750
0.85110835 0.56998680 0.89368955
0.85111022 0.56797296 0.87994533
0.85188379 0.59977850 0.88372447
0.85198545 0.57750406 0.87605017
0.85199547 0.57178469 0.87797852
0.85201411 0.57464317 0.87700756
0.85206093 0.57191828 0.89275741
0.85214844 0.56516217 0.88685936
0.85304872 0.57286385 0.89081323
0.85306963 0.56703420 0.88593115
0.85394740 0.57943902 0.87611543
0.85399936 0.57863352 0.89079326
0.85484955 0.59880782 0.88385886
0.85569345 0.59578194 0.87888661
0.85572625 0.59679812 0.87988275
0.85666935 0.59485007 0.87890672
0.85674316 0.59678436 0.88088015
0.85674449 0.58441929 0.87607930
0.85676954 0.58339096 0.87611757
0.85692778 0.57378751 0.88103311
0.85764324 0.59285940 0.87794291
0.85765880 0.58996939 0.87694458
0.85767583 0.59386850 0.87895127
0.85775699 0.59677360 0.88393982
0.85778157 0.58333752 0.87713922
0.85779694 0.59478274 0.88493515
0.85781965 0.59178231 0.88496895
0.85858854 0.58906457 0.87698051
0.85862381 0.59184243 0.87794432
0.85864725 0.59287109 0.87897699
0.85871712 0.58524168 0.87809187
0.85876241 0.59383029 0.88196900
0.85876608 0.59186000 0.88297061
0.85877303 0.58424354 0.88210553
0.85879688 0.58892423 0.88302658
0.85964706 0.59186207 0.87902682
0.85969275 0.58808240 0.87909221
0.85970618 0.59087983 0.88001881
0.85971980 0.58714271 0.88012435
