# list of 'standard' snapshots that should be kept available on scratch for all simulations
# subsample: 65 of 601 snapshots
# index scale-factor redshift
  0 0.0100000 99.00000000
 20 0.0909091 10.00000000
 26 0.1000000  9.00000000
 33 0.1111111  8.00000000
 41 0.1250000  7.00000000
 52 0.1428571  6.00000000
 55 0.1476190  5.77419329
 57 0.1507937  5.63157892
 60 0.1555556  5.42857122
 64 0.1619048  5.17647076
 67 0.1666667  5.00000000
 71 0.1730159  4.77981663
 75 0.1793651  4.57522106
 79 0.1857143  4.38461542
 83 0.1920635  4.20661163
 88 0.2000000  4.00000000
 91 0.2046875  3.88549614
 93 0.2078125  3.81203008
 96 0.2125000  3.70588231
 99 0.2171875  3.60431647
102 0.2218750  3.50704241
105 0.2265625  3.41379309
109 0.2328125  3.29530191
112 0.2375000  3.21052623
116 0.2437500  3.10256410
120 0.2500000  3.00000000
124 0.2564103  2.90000010
128 0.2628205  2.80487800
133 0.2708333  2.69230771
137 0.2772436  2.60693645
142 0.2852564  2.50561810
148 0.2948718  2.39130425
153 0.3028846  2.30158734
159 0.3125000  2.20000005
165 0.3221154  2.10447764
172 0.3333333  2.00000000
179 0.3444444  1.90322578
187 0.3571429  1.79999995
195 0.3698413  1.70386267
204 0.3841270  1.60330582
214 0.4000000  1.50000000
225 0.4174603  1.39543724
236 0.4349206  1.29927015
248 0.4539683  1.20279717
262 0.4761905  1.10000002
277 0.5000000  1.00000000
294 0.5270701  0.89728099
312 0.5557325  0.79942691
332 0.5875796  0.70189703
356 0.6257962  0.59796441
382 0.6671975  0.49880669
412 0.7149682  0.39866370
446 0.7691083  0.30020699
486 0.8328025  0.20076481
534 0.9092357  0.09982490
539 0.9171975  0.09027780
544 0.9251592  0.08089500
550 0.9347134  0.06984670
555 0.9426752  0.06081080
561 0.9522293  0.05016720
567 0.9617834  0.03973510
573 0.9713376  0.02950820
579 0.9808917  0.01948050
585 0.9904459  0.00964630
600 1.0000000  0.00000000
