0.21923309 0.51055536 0.30677542
0.21926884 0.52017654 0.30006833
0.21926943 0.51435306 0.30099052
0.21927355 0.51342970 0.30196381
0.21928197 0.52117050 0.30205833
0.21928395 0.51354099 0.30966055
0.21929127 0.51722120 0.30004405
0.21929225 0.52116676 0.30304818
0.21929870 0.51447270 0.30967649
0.22018671 0.50785168 0.31338131
0.22019140 0.50882259 0.31528110
0.22019716 0.52679719 0.30100518
0.22019729 0.52681432 0.30005661
0.22019871 0.50973246 0.31529589
0.22022020 0.50678147 0.30858009
0.22023143 0.50681617 0.31055800
0.22112999 0.50592059 0.31427374
0.22113371 0.51819045 0.29426410
0.22115246 0.50951427 0.30104740
0.22115507 0.50575998 0.30578887
0.22117407 0.50767914 0.30286152
0.22117546 0.50483342 0.31142144
0.22118032 0.50482300 0.30858483
0.22204936 0.52674816 0.28781561
0.22205714 0.51725747 0.29248087
0.22208467 0.53609965 0.29346738
0.22209294 0.53614444 0.29062383
0.22209524 0.53045726 0.28681771
0.22209997 0.52953297 0.28681701
0.22210907 0.53054142 0.30585624
0.22213061 0.50663972 0.30188620
0.22213130 0.53321254 0.28774771
0.22213156 0.50390896 0.31422862
0.22214322 0.50381280 0.30665001
0.22215544 0.51451277 0.31538817
0.22302795 0.53802231 0.29528819
0.22308258 0.53340635 0.30593455
0.22308852 0.53613652 0.28579629
0.22309645 0.53249027 0.30685113
0.22309739 0.53521794 0.28486128
0.22310849 0.51171645 0.31723793
0.22400118 0.51520185 0.29052794
0.22403018 0.53247458 0.30780809
0.22404296 0.53054897 0.30878806
0.22405725 0.50496467 0.31911795
0.22405891 0.54104211 0.29429703
0.22410815 0.50371515 0.30088061
0.22413567 0.54208844 0.29239841
0.22413702 0.53721378 0.28284356
0.22419727 0.54214876 0.28864235
0.22499598 0.50298934 0.31909945
0.22503281 0.52956606 0.28087891
0.22503704 0.50794896 0.32014634
0.22508453 0.50456970 0.29808298
0.22510540 0.50269256 0.29991397
0.22514974 0.53531379 0.28081666
0.22516799 0.53925454 0.28182585
0.22518559 0.54222300 0.28572769
0.22590103 0.53810721 0.30595670
0.22593196 0.51324194 0.28858117
0.22597463 0.52201921 0.31448769
0.22599006 0.49899478 0.31142849
0.22600938 0.52767396 0.27990237
0.22604413 0.49894024 0.30850795
0.22606447 0.52283029 0.28079098
0.22606882 0.49987272 0.30362634
0.22611944 0.53819462 0.27984743
0.22613191 0.54022118 0.28087260
0.22613998 0.54216482 0.28280338
0.22622112 0.54509361 0.28951678
0.22692677 0.49903917 0.31710427
0.22695339 0.51227927 0.28756593
0.22699269 0.54398823 0.30101714
0.22699689 0.49896589 0.30454519
0.22700867 0.51033994 0.28947861
0.22702366 0.52669970 0.27888073
0.22704108 0.53150473 0.27793333
0.22705175 0.52187036 0.27980122
0.22708740 0.50262466 0.29799962
0.22711003 0.53917121 0.27888033
0.22711496 0.54121244 0.27994450
0.22719005 0.54607071 0.29042525
0.22722637 0.54614528 0.28567736
0.22793475 0.49798589 0.31710153
0.22796486 0.51223786 0.28652484
0.22799259 0.50932958 0.28943195
0.22801732 0.54502464 0.30193188
0.22804378 0.52189267 0.27881245
0.22805498 0.53150697 0.27692424
0.22812275 0.54015161 0.27793000
0.22812301 0.54704647 0.28383201
0.22813884 0.54702095 0.28946137
0.22894042 0.54396856 0.30495318
0.22897852 0.54497551 0.30389807
0.22898078 0.51025902 0.28753744
0.22899756 0.49890187 0.30165528
0.22901349 0.53530434 0.27597977
0.22901868 0.53340538 0.27596526
0.22902732 0.53244412 0.27596063
0.22902987 0.53630912 0.27599331
0.22904081 0.53150125 0.27595390
0.22908996 0.53827480 0.27600460
0.22910225 0.54801899 0.28382664
0.22910605 0.54315608 0.27896809
0.22912883 0.54015883 0.27696183
0.22993373 0.49978762 0.29892167
0.22999286 0.54498463 0.30495799
0.23000769 0.54600221 0.30386871
0.23001114 0.54892762 0.28574402
0.23001968 0.54894084 0.28476432
0.23002320 0.53632649 0.27503109
0.23006138 0.53145490 0.27501122
0.23084733 0.49606339 0.31904805
0.23085161 0.49610985 0.32106519
0.23086438 0.49713991 0.32396870
0.23091203 0.49884255 0.29983765
0.23091330 0.51712438 0.27974535
0.23093781 0.49978662 0.29793429
0.23094793 0.52007140 0.27779690
0.23095661 0.54699503 0.30285451
0.23097824 0.54403111 0.30693964
0.23098624 0.54497942 0.30597006
0.23098936 0.53633320 0.27409910
0.23103395 0.53826495 0.27412497
0.23104544 0.53240868 0.27403944
0.23179862 0.51075485 0.32397862
0.23198241 0.53530230 0.27313546
0.23198423 0.53331999 0.27312832
0.23282609 0.49508479 0.32003242
0.23283172 0.49616322 0.32496871
0.23284712 0.49507036 0.31899371
0.23285378 0.55075269 0.28188857
0.23285854 0.54980596 0.28094157
0.23286672 0.49976668 0.29698141
0.23378202 0.49512393 0.32202078
0.23381583 0.49816197 0.32976749
0.23392227 0.54878992 0.27896142
0.23392883 0.53430703 0.27220907
0.23394386 0.53533847 0.27221685
0.23483271 0.55266891 0.28470357
0.23486338 0.55265519 0.28186957
0.23491815 0.54970446 0.27893646
0.23496533 0.53330382 0.27219539
0.23498116 0.53431401 0.27221242
0.23584470 0.50543171 0.28751323
0.23587349 0.55170344 0.27994031
0.23678286 0.55358429 0.28280088
0.23679573 0.55358189 0.28373937
0.23774140 0.55358813 0.28280589
0.23777034 0.55358466 0.28377664
0.23781725 0.55165231 0.27992197
0.23871770 0.55358015 0.28281561
0.23872947 0.52106286 0.27207212
0.23967501 0.55357063 0.28281013
0.23967634 0.55263585 0.28185060
0.24066927 0.55162993 0.28182755
0.24607420 0.50963143 0.33073183
0.24631473 0.49990184 0.32781476
0.24649528 0.53730485 0.28368543
0.24703650 0.51156555 0.33073550
0.24704523 0.51446715 0.32975874
0.24711383 0.50862548 0.33075855
0.24727746 0.50185243 0.32879664
0.24803869 0.51541890 0.32978876
0.24805451 0.49503643 0.29981153
0.24808784 0.50955629 0.33076336
0.24896347 0.52679709 0.32599851
0.24903202 0.51635973 0.32981157
0.24906063 0.51351404 0.33073851
0.24925136 0.49505069 0.32384917
0.24994334 0.48744770 0.31048923
0.25002841 0.49601236 0.29885214
0.25009667 0.51253113 0.33075193
0.25013536 0.51153296 0.33075621
0.25016552 0.50565231 0.32973058
0.25022843 0.49695071 0.32480672
0.25086595 0.48843234 0.30853661
0.25096614 0.48649876 0.31248110
0.25097559 0.48651058 0.31343745
0.25117924 0.49599215 0.32385718
0.25191600 0.48650186 0.31344978
0.25205781 0.50658886 0.32973820
0.25209413 0.51443339 0.32977140
0.25285963 0.48649538 0.31345218
0.25310651 0.51248975 0.32975400
0.25378483 0.48837864 0.30857815
0.25378670 0.48650210 0.31248170
0.25402775 0.50963197 0.32974334
0.25470241 0.48647982 0.31342844
0.25474710 0.48837386 0.30861459
0.25501792 0.51339861 0.32880756
0.25574367 0.48743694 0.31055730
0.25602465 0.51060853 0.32871829
0.25602939 0.50962599 0.32870760
0.25670771 0.48744099 0.31056317
0.25671752 0.55180410 0.32001145
0.25673219 0.48839096 0.30864381
0.25697970 0.51245147 0.32777422
0.25702736 0.50964045 0.32770345
0.25772394 0.48934271 0.30763252
0.25773487 0.48746193 0.31340028
0.25773867 0.48851206 0.31634172
0.25773983 0.48746710 0.31151272
0.25870921 0.49129737 0.30562519
0.25872526 0.48852893 0.31635939
0.25889849 0.52578546 0.32304136
0.25969906 0.48941171 0.30967011
0.25970584 0.49035898 0.30766027
0.25971184 0.49322702 0.30467751
0.25972650 0.49420792 0.30367787
0.25973966 0.48948308 0.31537415
0.25974478 0.49715090 0.30166300
0.25974535 0.48850101 0.31437090
0.25983985 0.49332310 0.31719521
0.26067955 0.49040287 0.30968834
0.26073087 0.49046078 0.31442424
0.26073998 0.49141510 0.30766030
0.26074387 0.49812316 0.30169673
0.26075847 0.49327848 0.30575784
0.26170087 0.49425622 0.30675505
0.26173694 0.49240723 0.30867584
0.26174527 0.49242085 0.31250982
0.26367538 0.50580674 0.30276560
0.26370232 0.50388855 0.30278267
0.26555892 0.51528511 0.30555896
0.26556266 0.51430998 0.30554587
0.26556356 0.51051939 0.30563157
0.26557669 0.51052470 0.30664006
0.26560753 0.52862664 0.31130595
0.26564544 0.52763735 0.31513004
0.26565479 0.52291108 0.31519296
0.26654963 0.51626361 0.30761361
0.26655327 0.51919857 0.30757374
0.26655552 0.51724628 0.30760189
0.26656282 0.52671269 0.31234223
0.26657206 0.52298192 0.31242308
0.26657964 0.52579528 0.31043032
0.26658216 0.52667899 0.31422104
0.26658263 0.52200522 0.31143123
0.26658491 0.52108467 0.31051030
0.26658942 0.52484650 0.31045713
0.26659639 0.52300580 0.31043873
0.26660089 0.52302213 0.30952269
