0.80251822 0.48904507 0.98382166
0.80252978 0.48997654 0.98379254
0.80255610 0.49092274 0.98377951
0.80258261 0.48903201 0.98651449
0.80352204 0.49485722 0.98188143
0.80352718 0.49483741 0.98285538
0.80443541 0.49752653 0.98740355
0.80444536 0.49285366 0.99414657
0.80444737 0.49753214 0.98647615
0.80445872 0.49474797 0.99412085
0.80543308 0.49856031 0.99418925
0.80631199 0.48323422 0.99999780
0.80634859 0.49949839 0.99325691
0.80638733 0.49859163 0.99610344
0.80723070 0.47867707 0.00174219
0.80821468 0.47582547 0.00265994
0.80822009 0.47771667 0.00169038
0.80822904 0.47491934 0.00363641
0.80831968 0.48425006 0.00095869
0.80832757 0.48333755 0.00094130
0.80845521 0.47829737 0.97215013
0.80848567 0.47829924 0.97314199
0.80914482 0.47305980 0.00552206
0.80915798 0.47303345 0.00455742
0.80927901 0.48614383 0.00193603
0.81015585 0.47302724 0.00358634
0.81212000 0.47392999 0.00164317
0.81215166 0.50431848 0.97609927
0.81230990 0.47437044 0.97408937
0.81231651 0.47439589 0.97506553
0.81786602 0.50144066 0.99992318
0.81878200 0.50333835 0.00001276
0.81881960 0.50524054 0.99903840
0.81980264 0.50333778 0.99999666
0.81981293 0.50624900 0.99907013
0.81981346 0.50625708 0.00006593
0.82077393 0.50723017 0.99907854
0.82079537 0.50624285 0.00004576
0.82165250 0.46694283 0.98421335
0.82174208 0.50719888 0.00005831
0.82177140 0.50621640 0.00004449
0.82281917 0.44683606 0.02357203
0.82358559 0.46605016 0.98697358
0.82368979 0.50821678 0.99620831
0.82379800 0.44496302 0.02751911
0.82381978 0.44678766 0.01963132
0.82384656 0.44488280 0.02355919
0.82463703 0.50822116 0.99617771
0.82545301 0.50243773 0.00000534
0.82551854 0.50724360 0.99910653
0.82569675 0.44872860 0.01570102
0.82576829 0.44580058 0.02062552
0.82581906 0.44296868 0.03226006
0.82645108 0.50723621 0.00199299
0.82648595 0.50722930 0.00007314
0.82673043 0.44767963 0.01675609
0.82762536 0.44206466 0.03317950
0.82762750 0.44207642 0.03408095
0.82763578 0.44963322 0.01287612
0.83056113 0.44295876 0.02740242
0.83224840 0.46321138 0.00045011
0.83323499 0.46420027 0.99944820
0.83422598 0.46316947 0.00036405
0.83615786 0.46415438 0.00030406
0.84298345 0.45829467 0.00132209
0.84969554 0.45526509 0.98590884
0.85246846 0.45627361 0.99835140
0.85248950 0.45635404 0.00045423
0.85250139 0.45734900 0.99944439
0.85439193 0.45336463 0.98678575
0.85442472 0.45636088 0.99941887
0.85724673 0.44283947 0.01789143
0.85996454 0.44378313 0.01503008
0.86210143 0.45446941 0.00018964
0.86302769 0.45450511 0.99919524
0.86304746 0.45456052 0.00018533
0.86452333 0.44290296 0.01595013
0.86549221 0.44288475 0.01593956
0.86585698 0.45355106 0.00020444
0.86781933 0.45356255 0.99917794
0.86783208 0.44960139 0.00323026
0.87054415 0.44679094 0.00704796
0.87062791 0.44873177 0.00411605
0.87156774 0.44872746 0.00409071
0.87340123 0.45349853 0.99937398
0.87351619 0.44578836 0.00805140
0.87436002 0.45352504 0.99937425
0.87439556 0.45456523 0.99940638
0.87529744 0.45254043 0.99934012
0.87529758 0.44865606 0.00412622
0.87621202 0.45158788 0.00029869
0.87907524 0.45158581 0.00031964
0.87989938 0.43753757 0.04318489
0.88003431 0.45260489 0.99927994
0.88010618 0.44474984 0.00913882
0.88384971 0.44570803 0.00818335
0.88483696 0.44473979 0.01021286
0.88487410 0.44382772 0.01213236
0.88582876 0.45353393 0.00017062
0.88683224 0.44669375 0.00724157
0.88775436 0.45451734 0.00017149
0.88787206 0.44578385 0.00924155
0.88872752 0.48809292 0.99995311
0.88965772 0.49203838 0.99993648
0.88976019 0.44669375 0.00828530
0.89017119 0.44048840 0.04594385
0.89067570 0.44576371 0.01023372
0.89155975 0.45354972 0.00024438
0.89168760 0.44672791 0.00927016
0.89170249 0.44860780 0.00630655
0.89255642 0.44110159 0.02076264
0.89265735 0.44959441 0.00527948
0.89351054 0.44110760 0.02076654
0.89356918 0.45256445 0.00130905
0.89452991 0.44302329 0.01694774
0.89454401 0.45357584 0.00028743
0.89454461 0.45153261 0.00331404
0.89454661 0.45453333 0.99930959
0.89454848 0.45455127 0.00028221
0.89460119 0.50431200 0.97793557
0.89555925 0.45455541 0.00030076
0.89556245 0.45152917 0.00435670
0.89557020 0.45357230 0.00129549
0.89562290 0.50429995 0.97695339
0.89656667 0.45553708 0.00031356
0.89658070 0.45456386 0.00131771
0.89658571 0.45359685 0.00232072
0.89741398 0.44403245 0.02074713
0.89754771 0.45651395 0.99941239
0.89759119 0.45460000 0.00233783
0.89852908 0.45746422 0.00038463
0.89853616 0.45747528 0.99943236
0.90011322 0.47748182 0.99987823
0.90144220 0.46040270 0.00043841
0.90206601 0.49864246 0.99982079
0.90207463 0.49965767 0.99880388
0.90236252 0.46230559 0.00041811
0.90332392 0.46322414 0.00044067
0.90403597 0.49869236 0.99977329
0.90493979 0.49867843 0.00068333
0.90500565 0.48397489 0.99984116
0.90503838 0.50146023 0.98734296
0.90521098 0.46805979 0.99965172
0.90525534 0.46709642 0.99962708
0.90529040 0.46612323 0.99958833
0.90622448 0.46703945 0.99958967
0.90624639 0.46423771 0.00249303
0.90685057 0.49085745 0.00055660
0.90775779 0.49869817 0.00162252
0.90807888 0.46889291 0.99956476
0.90875653 0.49776606 0.00067326
0.90900114 0.46981934 0.00055386
0.90973163 0.49868458 0.99777775
0.90976282 0.49769796 0.00267456
0.90980296 0.49771824 0.99967283
0.90999206 0.47172781 0.00054607
0.91071273 0.49864059 0.99485942
0.91079522 0.49766036 0.99872346
0.91081640 0.49672344 0.00063986
0.91173291 0.49762943 0.99486951
0.91183237 0.47838323 0.99975686
0.91183531 0.47742608 0.99974457
0.91270420 0.48193884 0.99977149
0.91271281 0.49568866 0.99588254
0.91273245 0.49565122 0.99488166
0.91278909 0.47741809 0.99973295
0.91288762 0.46223522 0.01398077
0.91363854 0.48104801 0.99973996
0.91363861 0.48195440 0.99973963
0.91370414 0.49182951 0.00064110
0.91370968 0.49087392 0.00063140
0.91372712 0.47738156 0.99968258
0.91375437 0.47646668 0.00064280
0.91377681 0.47645673 0.99965066
0.91385577 0.46410732 0.01301105
0.91460048 0.48104136 0.99968933
0.91462285 0.48014632 0.99967430
0.91464850 0.49088400 0.99970109
0.91466173 0.49088357 0.00066705
0.91466534 0.47827649 0.99964064
0.91480441 0.46501675 0.01395787
0.91550744 0.45374290 0.03687614
0.91556168 0.45372580 0.03977846
0.91556822 0.48010434 0.00060500
0.91556949 0.45376124 0.03883106
0.91557838 0.48103208 0.99962347
0.91558873 0.48194261 0.99962367
0.91560750 0.48392412 0.00061978
0.91650745 0.48101665 0.00252015
0.91654719 0.45566026 0.04069613
0.91656048 0.48296042 0.00159967
0.91756416 0.47168553 0.01866730
0.91835677 0.49090655 0.01223176
0.91843091 0.48802696 0.01219171
0.91843098 0.48895279 0.01125750
