0.33826422 0.92324713 0.59971398
0.33827440 0.91950206 0.59780855
0.33828542 0.92228747 0.60072187
0.33828603 0.91756563 0.59884723
0.33828609 0.92234104 0.59875859
0.33829094 0.91760190 0.59783286
0.33830359 0.92043667 0.60077624
0.33832717 0.91849985 0.59982059
0.33919396 0.92506713 0.60063076
0.33923457 0.92417580 0.59867256
0.33924562 0.91854554 0.59683472
0.33926152 0.90239305 0.59871484
0.33928383 0.90517278 0.60067064
0.34017760 0.92605184 0.59863508
0.34018201 0.89967196 0.59580633
0.34019069 0.92236134 0.59679772
0.34020084 0.91089675 0.60456085
0.34029703 0.91179757 0.59571969
0.34030311 0.91085788 0.59570299
0.34108402 0.92694551 0.59862052
0.34112287 0.92329896 0.59679211
0.34112460 0.91374047 0.60645567
0.34113599 0.91854794 0.59586050
0.34121565 0.90903915 0.60651351
0.34202692 0.92602192 0.59770274
0.34203641 0.92142653 0.59588508
0.34207097 0.91563282 0.60742989
0.34296908 0.92236729 0.59589597
0.34399214 0.92296759 0.60751178
0.34505961 0.89789571 0.59381252
0.34684474 0.93249542 0.60751759
0.34781623 0.93445208 0.60752441
0.34871714 0.92121886 0.59390717
0.34883323 0.88437233 0.59668229
0.34992873 0.89890407 0.59082860
0.35070133 0.94135829 0.60541952
0.35070654 0.94136677 0.60445365
0.35074852 0.94040030 0.60743316
0.35075303 0.88157343 0.59668877
0.35157900 0.93154825 0.61221759
0.35163902 0.92417132 0.59386422
0.35173981 0.94138601 0.60744806
0.35178373 0.90516469 0.58985678
0.35180694 0.90427557 0.58983520
0.35187254 0.89703003 0.59078865
0.35258893 0.93351473 0.61224263
0.35262510 0.85549928 0.60618654
0.35266758 0.94235990 0.60451096
0.35267068 0.88439317 0.59476791
0.35273250 0.90879327 0.58988884
0.35450167 0.85362163 0.61316543
0.35451443 0.93551374 0.61226354
0.35548485 0.85156604 0.61210270
0.35559406 0.94334708 0.60255516
0.35560946 0.94335517 0.60355210
0.35561370 0.90423809 0.58891061
0.35564576 0.88347118 0.59377158
0.35645072 0.85060711 0.61308861
0.35645790 0.85058901 0.61209895
0.35647393 0.94243418 0.60162556
0.35647474 0.85641819 0.60427897
0.35652774 0.85831120 0.60328671
0.35661885 0.88252073 0.59371807
0.35663231 0.90056570 0.58888582
0.35737325 0.85167779 0.61606766
0.35740741 0.85059816 0.61010689
0.35753573 0.85734740 0.60325899
0.35833308 0.84963710 0.61306583
0.35836941 0.84965740 0.61600006
0.35837098 0.84963816 0.61503138
0.35838211 0.85060424 0.60909365
0.35842539 0.93755230 0.59767549
0.35861502 0.89692757 0.58889558
0.35929378 0.84966776 0.61008932
0.35930630 0.93071777 0.59376289
0.35933866 0.93949962 0.59868966
0.35934838 0.85071312 0.61807689
0.35937360 0.93446684 0.59562891
0.35937483 0.93651836 0.59668016
0.36028991 0.84865566 0.61506090
0.36031840 0.85360613 0.62192029
0.36032384 0.93848758 0.59769012
0.36033353 0.85461756 0.62288336
0.36033951 0.84867155 0.61703100
0.36129713 0.93851724 0.59766380
0.36132235 0.85163451 0.62100090
0.36134165 0.85459973 0.62387134
0.36227827 0.93852806 0.59766360
0.36231494 0.85161794 0.62195155
0.36231537 0.84763401 0.61405094
0.36232059 0.84765872 0.61501829
0.36237396 0.85362183 0.62389833
0.36327734 0.84964972 0.60801162
0.36329581 0.84767161 0.61704823
0.36330753 0.84763401 0.61109701
0.36332063 0.84968405 0.62005393
0.36429822 0.84763147 0.61009927
0.36431332 0.84862934 0.60905444
0.36431967 0.85264286 0.62392825
0.36433149 0.85163811 0.62295102
0.36513715 0.93358026 0.59370191
0.36525942 0.84965226 0.62100197
0.36529700 0.84666559 0.61306590
0.36530752 0.84666947 0.61211438
0.36532024 0.84966234 0.60800781
0.36533337 0.87586100 0.63630708
0.36533861 0.84862974 0.60905805
0.36533891 0.87681185 0.63630835
0.36536012 0.87399979 0.63628330
0.36625152 0.84967664 0.62102208
0.36628719 0.85263739 0.60605522
0.36630582 0.87681472 0.63728325
0.36630889 0.85551965 0.60413182
0.36631130 0.84765912 0.61009293
0.36631257 0.87869598 0.63727309
0.36638017 0.87296405 0.63627449
0.36729541 0.84868919 0.61908278
0.36731999 0.84767008 0.61115091
0.36732460 0.84766153 0.61703160
0.36736154 0.84764229 0.61402977
0.36780487 0.93266829 0.59275420
0.36810598 0.91541626 0.58691326
0.36906565 0.91265644 0.58696990
0.36921226 0.85553668 0.60509022
0.37017383 0.85261220 0.60704441
0.37027269 0.85060237 0.60910200
0.37089500 0.91821376 0.58785910
0.37109114 0.88343678 0.64207735
0.37117838 0.85360820 0.60707841
0.37118182 0.88059847 0.64115970
0.37221810 0.85154012 0.61017161
0.37221940 0.85259697 0.60912906
0.37222545 0.85363285 0.60811629
0.37226880 0.89117420 0.58797118
0.37332097 0.88930196 0.58898989
0.37374156 0.88992397 0.64195585
0.37383417 0.88706101 0.64297089
0.37411942 0.89290229 0.58800465
0.37469771 0.90409208 0.58792636
0.37477743 0.90785305 0.58794019
0.37495368 0.89558496 0.58802742
0.37555164 0.91810167 0.58881682
0.37576295 0.88791567 0.64388954
0.37670304 0.88987882 0.64387090
0.37683640 0.89547942 0.58895703
0.37759791 0.91619183 0.58885597
0.37861108 0.90697514 0.58890473
0.37863309 0.91067332 0.58889197
0.37951633 0.91804016 0.58979673
0.38147651 0.90970671 0.58982044
0.38190674 0.88077274 0.59663119
0.38378696 0.88169400 0.59757837
0.38557516 0.88719841 0.59571508
0.38651352 0.88629072 0.59664509
0.38742041 0.88812555 0.59759326
0.38752041 0.88535156 0.59953102
0.38754973 0.88349055 0.60147687
0.38788334 0.94624137 0.61011477
0.38788531 0.94626148 0.61103749
0.38841267 0.88807244 0.59954525
0.38846177 0.88536746 0.60147573
0.38884114 0.94627116 0.61294359
0.38887831 0.94625346 0.61011464
0.38888789 0.94431550 0.60246071
0.38890322 0.94530448 0.60345357
0.38984739 0.94236872 0.60144781
0.38986422 0.94628058 0.61391027
0.38986519 0.94626254 0.61008598
0.38989809 0.94532185 0.60442025
0.39074911 0.93834257 0.63046989
0.39079359 0.94136684 0.60137487
0.39176521 0.94135375 0.62762677
0.39178415 0.94332885 0.62378337
0.39178532 0.94532292 0.61884271
0.39179677 0.93939287 0.63048992
0.39277163 0.94334221 0.62377469
0.39280887 0.94246484 0.60337595
0.39281158 0.94533274 0.61883209
0.39283542 0.94627944 0.61385423
0.39284180 0.94628238 0.61107049
0.39371527 0.94139115 0.62762062
0.39380781 0.94334996 0.62377195
0.39381960 0.94433413 0.62086096
0.39386512 0.94141246 0.60332405
0.39474163 0.93944043 0.62957488
0.39474206 0.94534049 0.61386385
0.39474697 0.94535211 0.61199869
0.39474874 0.93749406 0.63152487
0.39483140 0.94236765 0.62476675
0.39483170 0.94434075 0.61986049
0.39483564 0.94334682 0.62277575
0.39578655 0.94044211 0.62763104
0.39584076 0.93939434 0.60327275
0.39586664 0.94236331 0.62377055
0.39620757 0.86623545 0.64676058
0.39676218 0.93849787 0.62955424
0.39680724 0.94336839 0.60914054
0.39684878 0.94140117 0.60529875
0.39773444 0.93852913 0.62860026
0.39785484 0.94139209 0.60631379
0.39877035 0.93549725 0.60520337
0.39878785 0.93749112 0.60523222
0.39880889 0.93944705 0.60626590
0.39974557 0.93347225 0.60616771
0.40071429 0.93350324 0.60715649
0.40071903 0.93452255 0.60714828
0.40072150 0.93553044 0.60716250
0.40073142 0.93653693 0.60718702
0.40156758 0.92996070 0.63619600
0.40157559 0.93085677 0.63529445
0.40158912 0.92896857 0.63716629
0.40167659 0.93151779 0.60906072
0.40266244 0.92966312 0.61100924
0.40454499 0.93081188 0.63137003
0.40457612 0.93853581 0.61789714
0.40458053 0.93854015 0.62074835
0.40459676 0.93851223 0.61696407
0.40460661 0.93848084 0.61599732
0.40549864 0.93760707 0.62169091
0.40551955 0.92888053 0.63229703
0.40556534 0.93269073 0.61588898
0.40648235 0.93656044 0.61785733
0.40649715 0.93557814 0.61687576
0.40649791 0.93662804 0.62168683
0.40650917 0.93274724 0.61879395
0.40651368 0.93176086 0.61975221
0.40722790 0.90099941 0.65543502
0.40726507 0.89911114 0.65541798
0.40728771 0.89627109 0.65638473
