6.589415585456542823e-01 6.396165088491768680e-01 4.325680253932953079e-01
6.589534482942862592e-01 6.443360710926789858e-01 4.325704968578986120e-01
6.589624658002712909e-01 6.453209831352576531e-01 4.325538645690819028e-01
6.589650040612151649e-01 6.453416900008527302e-01 4.335675992326420980e-01
6.589650708575557347e-01 6.443441534498950407e-01 4.345629315043589291e-01
6.589773613842315747e-01 6.414684373931235362e-01 4.346138637140887218e-01
6.589870468536228598e-01 6.463231954300592275e-01 4.345716818249813485e-01
6.589976006754422189e-01 6.453515090629251549e-01 4.355956363286578314e-01
6.590169716142246781e-01 6.462964100974668558e-01 4.355661457442699946e-01
6.599105062628225493e-01 6.405604747349498140e-01 4.356423937670982904e-01
6.599124433567007397e-01 6.366986443014682751e-01 4.315744298264348466e-01
6.600078285311193893e-01 6.462536604394641948e-01 4.375958861469717576e-01
6.600080289201413208e-01 6.472620847939443145e-01 4.375941494421153877e-01
6.608109209345051083e-01 6.404656907275968480e-01 4.180226546468863158e-01
6.608234118502028798e-01 6.462187259533150874e-01 4.122896249251866152e-01
6.608290895391563113e-01 6.500079487645326060e-01 4.218576663496051982e-01
6.608299578915844963e-01 6.472153941518444809e-01 4.132846566133706045e-01
6.608626213021522311e-01 6.433319217039991100e-01 4.132746037641059078e-01
6.608769825153875122e-01 6.423702547879593938e-01 4.141908157703473314e-01
6.608897406164476740e-01 6.347544700111126259e-01 4.286692231852755053e-01
6.609014967723984002e-01 6.347769135815640729e-01 4.336311559507508573e-01
6.609419085584791187e-01 6.337533932541017379e-01 4.325872293412262315e-01
6.609433112816324174e-01 6.337656837807774668e-01 4.305627324512638632e-01
6.609474526547514106e-01 6.337451105078636404e-01 4.315433361298718906e-01
6.617415275521522089e-01 6.528161337209279491e-01 4.198535757417050651e-01
6.617715859054353889e-01 6.471335686345736082e-01 4.104100760943897863e-01
6.617724542578635738e-01 6.461817875769471087e-01 4.103788154069752947e-01
6.617896877137459111e-01 6.443157650051276608e-01 4.113039781228610692e-01
6.626834227513656028e-01 6.547152872776994537e-01 4.179438015667734652e-01
6.627150842168239020e-01 6.471077184507501023e-01 4.094410281827105536e-01
6.627393980848129695e-01 6.557939813825215403e-01 4.268029668262638410e-01
6.627430718835475298e-01 6.558019301470564555e-01 4.238182725397556805e-01
6.627452761627883326e-01 6.423485459772548811e-01 4.123234572717153767e-01
6.628392586140536835e-01 6.376500245810510226e-01 4.375817921190989779e-01
6.636032751581714129e-01 6.565634084302301998e-01 4.161719284370710148e-01
6.638007251410714682e-01 6.317469647742794958e-01 4.296390726530422421e-01
6.638083399239032012e-01 6.317409531036228820e-01 4.286407345459971041e-01
6.638233023042041658e-01 6.376730693185681531e-01 4.386450896674060629e-01
6.645515160097444918e-01 6.595055868459278603e-01 4.190837145177823686e-01
6.645521171768101754e-01 6.490122825111125371e-01 4.076405996173890767e-01
6.648170314637459333e-01 6.327754280309484392e-01 4.375692010088903516e-01
6.648306579172342801e-01 6.317548467424738412e-01 4.365157559208260873e-01
6.655014935661740516e-01 6.479944398726037447e-01 4.066934609054362881e-01
6.655080396075557791e-01 6.490045341355995534e-01 4.066945630450566895e-01
6.657598618117280820e-01 6.433386681344026581e-01 4.416097450517255107e-01
6.658093579001344020e-01 6.414992305061536504e-01 4.416330903727754276e-01
6.658201789073163734e-01 6.317555147058800946e-01 4.375632895327446481e-01
6.667179885217144886e-01 6.307099515860100647e-01 4.336081112132337267e-01
6.667426363714066273e-01 6.307122226615914373e-01 4.345711474542562902e-01
6.667931344049223830e-01 6.307265838748267184e-01 4.365557335306927134e-01
6.677165938141220725e-01 6.317222501282466762e-01 4.385538792642768025e-01
6.684591019365571096e-01 6.556995313568717565e-01 4.414431215800257990e-01
6.685029203360098871e-01 6.346633598024943312e-01 4.161639128761954742e-01
6.694419432925762248e-01 6.336584756540675212e-01 4.171216054099677328e-01
6.695435405266734197e-01 6.297050006412425738e-01 4.297064033643965275e-01
6.697089282660714238e-01 6.316539842681235806e-01 4.395580620511270187e-01
6.697750566432945085e-01 6.296798184208254323e-01 4.385161393318212641e-01
6.703702788346419528e-01 6.643800498033491930e-01 4.376028997627378070e-01
6.703806322674394913e-01 6.653735117775283481e-01 4.365729335884047102e-01
6.704545090201754487e-01 6.537592312542725992e-01 4.444135214496393038e-01
6.705313248118991432e-01 6.405293476402166286e-01 4.435691489077446259e-01
6.713376234396351006e-01 6.633563290868649265e-01 4.396049196840784434e-01
6.724992785995187461e-01 6.286643136542384713e-01 4.288355460734423752e-01
6.725483739098813141e-01 6.286536930360784314e-01 4.298328154390374523e-01
6.732173392612834650e-01 6.662868849392931114e-01 4.386251843578985454e-01
6.761102219775967370e-01 6.412820756027678426e-01 4.037478090800258879e-01
6.762003970374462769e-01 6.605154139235612787e-01 4.444951799760585853e-01
6.762158269921316744e-01 6.624241861533833875e-01 4.435433989184320858e-01
6.763114793519127144e-01 6.480096694382672107e-01 4.483031057626523097e-01
6.763224339517759365e-01 6.489374706096078249e-01 4.483293567245196232e-01
6.770044245896008617e-01 6.327734241407295679e-01 4.094297729993145452e-01
6.770506476573162624e-01 6.403339683438759034e-01 4.037516832677824352e-01
6.772286599050932887e-01 6.451467782788964378e-01 4.482997325474505357e-01
6.773175658344708916e-01 6.518006289543409881e-01 4.483830275842152213e-01
6.780378307754764133e-01 6.432415462551276386e-01 4.018192317352071719e-01
6.781594001154216400e-01 6.276999748845736304e-01 4.220258261371394037e-01
6.781642762482875675e-01 6.442583869485271064e-01 4.483390421939108528e-01
6.782259292706883658e-01 6.471228144237323177e-01 4.492482405843862270e-01
6.782469033216459442e-01 6.489698000384723775e-01 4.492826406998102762e-01
6.782600622007499691e-01 6.498989371366256096e-01 4.493005755172692628e-01
6.783288624315980675e-01 6.266806627265709695e-01 4.269600718194239142e-01
6.789494004360441259e-01 6.394187916809143113e-01 4.037280039650293362e-01
6.789935528172000856e-01 6.422787438012972361e-01 4.018348286807441050e-01
6.791903348366938875e-01 6.461532655394983671e-01 4.492890197503404126e-01
6.793153775863518540e-01 6.266976289970908054e-01 4.279814880621564677e-01
6.793197193484927787e-01 6.365473505899430506e-01 4.454798916296153766e-01
6.799739227086158966e-01 6.866192234524599591e-01 4.124123298029225837e-01
6.800711781805721667e-01 6.586033018767076808e-01 4.473829861704840538e-01
6.808531629403190566e-01 6.855203568527676872e-01 4.086090463620026259e-01
6.808597757780413540e-01 6.865300503377198549e-01 4.096111250641230050e-01
6.811727834302301332e-01 6.403285578402849731e-01 4.473559336525291807e-01
6.817378136756131468e-01 6.883537240295802828e-01 4.096614227086168847e-01
6.826686206822820679e-01 6.892851322033148875e-01 4.116128110037605148e-01
6.826787069297171051e-01 6.892506652915502130e-01 4.087241364569068613e-01
6.826886595844708916e-01 6.882854581694571872e-01 4.077063272165682983e-01
6.828040836610782538e-01 6.884874503035200988e-01 4.182105861512467881e-01
6.829685362517075031e-01 6.267198721785203208e-01 4.201704241834800513e-01
6.835879387183627642e-01 6.901872835798539274e-01 4.106286337209287818e-01
6.836122525863518318e-01 6.901877511542382493e-01 4.096570141501353346e-01
6.838002842852233254e-01 6.789126624486979678e-01 4.346566467702617786e-01
6.839578568527677760e-01 6.278007705625832102e-01 4.123886505001695402e-01
6.846369752479455340e-01 6.893465180403531845e-01 4.182585459238186143e-01
6.847016341056747502e-01 6.795395461055037112e-01 3.948630942202448479e-01
6.859064397016049197e-01 6.287649089432262306e-01 4.085750136264520438e-01
6.859280817159688626e-01 6.277925546126859047e-01 4.095148381391059411e-01
6.864442170400112397e-01 6.920706732002369632e-01 4.105965380792563901e-01
6.864773480249632964e-01 6.920990616450043431e-01 4.125967878975703163e-01
6.865223687585474410e-01 6.795098885302642833e-01 3.921382043006141904e-01
6.865714640689100090e-01 6.766882775094025249e-01 3.911654157938597720e-01
6.868868095930208417e-01 6.297087412363178149e-01 4.075883314808466662e-01
6.874670694040673213e-01 6.794996686901479954e-01 3.912241965736135141e-01
6.874693404796486940e-01 6.766424552197307651e-01 3.902389171511613797e-01
6.874913832720563889e-01 6.757196637739374401e-01 3.902134343472113409e-01
6.874937879403190122e-01 6.920996628120700267e-01 4.145905918690135361e-01
6.875897742818032343e-01 6.699809229651139120e-01 4.463962038303677660e-01
6.877017249486979678e-01 6.660372670143615004e-01 4.483613521716809935e-01
6.877389973067691287e-01 6.631684309806747946e-01 4.493166066390202884e-01
6.877433390689099424e-01 6.799378526846761028e-01 4.364939803137809493e-01
6.878029214047512996e-01 6.555589250598471418e-01 4.502734976167049319e-01
6.883803757694914038e-01 6.930471021075557125e-01 4.106545173029226281e-01
6.884507123161740516e-01 6.930769600718169610e-01 4.126237402210142791e-01
6.884656746964750162e-01 6.920963229950385376e-01 4.155709951585997430e-01
6.885817667364886319e-01 6.709616936345734750e-01 4.463799723195948643e-01
6.885953931899769787e-01 6.759340800273573313e-01 4.424781642762466993e-01
6.886271882481165285e-01 6.769055660054695833e-01 4.415150612388835105e-01
6.887528989611808594e-01 6.546289864056064056e-01 4.502717275136782771e-01
6.887679281378223939e-01 6.640898864996556128e-01 4.493285631839929462e-01
6.888009923264338807e-01 6.277832031249978018e-01 4.095166416403029364e-01
6.888318522358046758e-01 6.583966339988006622e-01 4.502780397678677327e-01
6.893989531677472415e-01 6.870996895306062946e-01 3.950386016052482296e-01
6.894014914286911155e-01 6.861167813782464986e-01 3.940431357408501478e-01
6.895446359866596042e-01 6.728947797323847624e-01 4.454570806792904625e-01
6.896034167664133463e-01 6.699121895306063834e-01 4.473860922003232710e-01
6.896129018467828109e-01 6.678829167022889424e-01 4.483991255023068723e-01
6.896642014363860707e-01 6.266986309422002410e-01 4.356643029668246792e-01
6.896981339774257425e-01 6.248286673862836205e-01 4.251645193869683648e-01
6.897134971357704591e-01 6.546327937970223276e-01 4.502725290697658367e-01
6.897328012782123485e-01 6.248112335413794627e-01 4.241415000320607476e-01
6.897521722169948077e-01 6.789332357216117941e-01 4.394489836268793970e-01
6.897823641629592384e-01 6.603011980591632080e-01 4.502770044245880121e-01
6.904055740210303105e-01 6.921248450324872792e-01 4.165409448208774457e-01
6.904517970887458223e-01 6.912122734268101309e-01 4.184191911230319971e-01
6.905842542322137012e-01 6.719289714432260530e-01 4.464377511542391708e-01
6.906901932284517098e-01 6.248164436559484614e-01 4.251381348324198006e-01
6.912498797665843631e-01 6.899068725418922021e-01 3.951093055318043445e-01
6.914838673478087561e-01 6.277029139235613675e-01 4.413937256861304448e-01
6.916414399153532067e-01 6.749406848495187461e-01 4.444290849970059520e-01
6.916458484738347012e-01 6.739087481831371740e-01 4.454619902103267304e-01
6.916963465073504569e-01 6.689220673734586065e-01 4.483955518980832222e-01
6.917403652958251659e-01 6.789316994057773558e-01 4.394655825175257657e-01
6.923712567330686518e-01 6.276947647700046318e-01 4.413804332143452247e-01
6.924053896631302552e-01 6.267520012183630529e-01 4.375684996473137578e-01
6.926518013637116278e-01 6.296986549888828888e-01 4.066800682391401578e-01
6.926922799461329161e-01 6.306994645605312755e-01 4.056626931750156317e-01
6.927029673606336369e-01 6.759718199598129251e-01 4.434078691432952746e-01
6.930762921084105965e-01 6.907930595930207307e-01 3.941700153898754500e-01
6.931055489056062724e-01 6.879315711568032565e-01 3.921813213384903740e-01
6.931090891116595820e-01 6.784561094604968368e-01 3.865276790676285823e-01
6.931534418818374732e-01 6.938760446947649374e-01 3.991044948593521768e-01
6.932844963021520535e-01 6.277051182028021703e-01 4.414037117390545162e-01
6.936068554420289356e-01 6.669010104950386930e-01 4.493460972234081252e-01
6.936224189893955838e-01 6.709073214133013385e-01 4.474377925679703383e-01
6.942537112046828218e-01 6.267569441475695502e-01 4.385061198807269078e-01
6.946506818570427066e-01 6.729703931899770897e-01 4.463897245853267193e-01
6.947578899837526523e-01 6.749125635901138676e-01 4.444298865530935116e-01
6.953772256540672325e-01 6.374819649880277828e-01 4.007960787876182485e-01
6.954448903471247556e-01 6.306893783130962383e-01 4.056635949256141571e-01
6.954639273042040326e-01 6.296792172537597487e-01 4.066621668198515116e-01
6.956334564167211409e-01 6.709403188055721445e-01 4.474063982878745960e-01
6.956699940150453676e-01 6.729893633507157968e-01 4.463639745960141236e-01
6.957065316133695942e-01 6.739687980933628531e-01 4.453484030330866483e-01
6.962691571904899845e-01 6.267457891586845076e-01 4.384743582207576429e-01
6.963964042193887538e-01 6.306966591142247891e-01 4.056768873973993772e-01
6.964230559592998748e-01 6.669622627393957393e-01 4.493323371772384722e-01
6.965329359396349451e-01 6.689731665740400457e-01 4.483820924354464110e-01
6.969661770049564442e-01 6.783020103026651260e-01 3.846834988991949533e-01
6.973163234225351337e-01 6.603574405779729650e-01 4.502972103176283714e-01
6.973181269237320734e-01 6.267461899367282596e-01 4.384873835071803616e-01
6.973382994186021477e-01 6.307218413346420416e-01 4.454009383549915602e-01
6.973755049803326278e-01 6.297829519707569546e-01 4.444648544374129040e-01
6.974424349136432166e-01 6.257499225162426182e-01 4.220342090778883559e-01
6.979647155010234583e-01 6.782478384704148100e-01 3.846544758891914939e-01
6.982646978667895743e-01 6.316915906078979237e-01 4.463621710948171284e-01
6.983077815064954175e-01 6.267471250854971254e-01 4.384588614697316755e-01
6.983240798136090000e-01 6.623099644109073925e-01 4.502905974799060740e-01
6.983350344134722221e-01 6.297715297965094106e-01 4.444733375726728219e-01
6.984315551256814469e-01 6.670317977299907719e-01 4.492976698764518662e-01
6.992110684208251437e-01 6.364361346827952515e-01 4.482752516886098770e-01
6.992749257224667447e-01 6.297794785610442148e-01 4.444652886136269965e-01
6.993068543732875453e-01 6.594069954471590833e-01 4.502945050658328507e-01
6.993488692715432720e-01 6.613378772657294569e-01 4.502858215415510568e-01
6.996893970160713572e-01 6.937369747135747611e-01 3.924269648811545275e-01
6.999875758806404225e-01 6.950076415013655140e-01 4.146783622606004527e-01
7.001464175786568100e-01 6.518205342638485611e-01 4.502666843899607585e-01
7.001752735978087339e-01 6.297635142356338145e-01 4.444212364269820026e-01
7.002934363243819016e-01 6.594196867518786753e-01 4.502926347682952302e-01
7.003182177667554020e-01 6.603819548349839641e-01 4.502744661636440826e-01
7.003739259148401564e-01 6.267801892741086123e-01 4.384677787812056859e-01
7.009763621109755816e-01 6.930622648768784977e-01 4.186550823999642956e-01
7.011025403984243454e-01 6.316588604009895080e-01 4.463479768724334384e-01
7.011189722982190675e-01 6.306981286337186576e-01 4.453312697717152213e-01
7.011732777231507452e-01 6.518053046981850951e-01 4.502638789436543276e-01
7.012366006540672325e-01 6.287430665398404672e-01 4.424295365402686198e-01
7.013302491236295122e-01 6.267534039415162406e-01 4.374842026654396365e-01
7.016033793604625757e-01 6.860332859524599369e-01 3.846673007865923366e-01
7.019073695066664342e-01 6.949968872905242234e-01 4.147509364846941327e-01
7.021517105206883658e-01 6.266868747862495148e-01 4.308015961653541281e-01
7.021610620083764687e-01 6.527584884789647823e-01 4.502390641031105423e-01
7.021998038859413871e-01 6.267052437799225384e-01 4.346505683032645395e-01
7.022237169758867026e-01 6.296225739569061286e-01 4.095988011392769357e-01
7.022549108669605689e-01 6.267533371451755597e-01 4.365521933246393482e-01
7.022919160396691174e-01 6.277459307669266408e-01 4.394623762931755828e-01
7.023541034327950294e-01 6.818003350504421300e-01 4.356354135495025259e-01
7.023828258592655915e-01 6.651693153642247447e-01 4.492756270840442268e-01
7.025298446049906831e-01 6.869274885644640616e-01 3.846590848366949200e-01
7.026161454770836201e-01 6.840806285268443698e-01 3.837091740766060410e-01
7.030280117134037887e-01 6.921651232258867470e-01 4.206475838427652381e-01
7.030365616450042765e-01 6.893344946990399569e-01 4.253715546447487950e-01
7.030974799076582515e-01 6.316473046340607134e-01 4.453339416253404015e-01
7.031352198401137343e-01 6.296738735465093884e-01 4.423910284498958068e-01
7.031767003676445693e-01 6.556533750854969256e-01 4.502353235080353011e-01
7.031938670271862257e-01 6.575477861020838644e-01 4.502387969177480409e-01
7.032436303009550471e-01 6.277280293476379391e-01 4.385033478325907619e-01
7.032666750384721777e-01 6.817986651419264410e-01 4.356270640069238587e-01
7.035045368074530625e-01 6.859994870041015158e-01 3.836991546255116292e-01
7.036794764235611011e-01 6.986015518125829882e-01 3.953014452056244354e-01
7.039550113286568989e-01 6.921457522871041768e-01 4.206834534776831558e-01
7.040272181728770562e-01 6.384932615851550697e-01 4.492529831245709038e-01
7.041524613115569542e-01 6.316058241065298784e-01 4.076344543540512122e-01
7.041899340586500466e-01 6.277223516586845076e-01 4.375447535482200334e-01
7.042573315663449574e-01 6.632992182156268735e-01 4.492863812948855173e-01
7.045114248460987438e-01 6.898905742347786196e-01 3.856877484823857394e-01
7.045380097896691840e-01 6.908825666894640172e-01 3.866438379039828788e-01
7.050191438312217729e-01 6.384557888380619772e-01 4.492215220481344806e-01
7.051109220032464320e-01 6.276608990253055298e-01 4.171823232835997208e-01
7.051341003334448132e-01 6.326624086226037003e-01 4.453086258122418983e-01
7.051485283430207751e-01 6.336446488115572429e-01 4.462867246280763922e-01
7.051490627137457778e-01 6.286566988714067383e-01 4.384879178779054199e-01
7.051505322332396464e-01 6.296386050786570987e-01 4.404125208404566783e-01
7.052337604736637067e-01 6.671195681215776885e-01 4.483013022614553145e-01
7.060460039757157080e-01 6.373173788047172827e-01 4.028630915483911723e-01
7.060519488500316410e-01 6.394839849093684192e-01 4.492038878142083913e-01
7.060547542963381273e-01 6.354229677881304550e-01 4.047286799439964722e-01
7.060564242048538164e-01 6.276361175829321404e-01 4.219226591890374856e-01
7.060738580497580852e-01 6.363754168091632080e-01 4.037929300081209982e-01
7.060755947546144551e-01 6.276526830754081132e-01 4.181987298007850962e-01
7.060874177069058621e-01 6.305960638252371409e-01 4.095805991364554477e-01
7.060942309336499800e-01 6.325203996024258979e-01 4.076301459900806279e-01
7.061090597212696940e-01 6.355163490723301223e-01 4.472377041296153877e-01
7.061188787833422298e-01 6.345837385644642614e-01 4.462956085413800622e-01
7.070190262696622874e-01 6.413806670015367306e-01 4.492238265218861937e-01
7.070770054933285254e-01 6.365132844562220171e-01 4.472501282489724228e-01
7.070876929078292461e-01 6.295710739782809373e-01 4.124661676534697730e-01
7.073135981318373622e-01 6.849686190791699492e-01 3.828093939701593951e-01
7.073157356147375951e-01 6.830520316774941758e-01 3.828185450688255664e-01
7.075300850718169166e-01 7.005673013209618993e-01 3.993572856104636859e-01
7.075379002436704701e-01 7.005413843407977126e-01 3.983914439231346916e-01
7.079924493416527298e-01 6.556831662534176042e-01 4.492241271054190355e-01
7.079985278086500244e-01 6.344132743031782873e-01 4.066897537085313874e-01
7.080645893895323173e-01 6.586323582848813141e-01 4.492094987068212530e-01
7.080740744699016709e-01 6.305730858840606912e-01 4.105635072888152437e-01
7.082753986405583291e-01 6.859014967723983114e-01 3.828194468194240918e-01
7.082767345673709469e-01 6.830508293433628086e-01 3.828088262012639964e-01
7.084707779368989433e-01 6.967172938397717674e-01 3.905383985443727224e-01
7.085168674119332044e-01 6.903143302197307651e-01 4.234106478710655264e-01
7.085493972298195775e-01 6.893315556600522198e-01 4.253321782019478525e-01
7.092397374102231700e-01 6.869216104864886985e-01 3.828330398747421537e-01
7.092449475247922797e-01 6.898754782617964043e-01 3.838282719519480191e-01
7.094572262953120489e-01 7.005852695365911709e-01 4.013635804976045662e-01
7.096001036679181473e-01 6.882805152402505788e-01 4.263886959216811046e-01
7.099206593065979787e-01 6.295790895391564224e-01 4.152389505493316313e-01
7.099303447759892638e-01 6.286473473837186354e-01 4.219885203808979579e-01
7.099525211610782094e-01 6.286701249358732646e-01 4.229341227770162526e-01
7.099787053266048975e-01 6.305323401162767905e-01 4.124476650671154987e-01
7.101528433866253209e-01 6.840013412705173712e-01 3.828033155031621004e-01
7.105915617518784311e-01 6.825486544545119605e-01 4.330330949149266417e-01
7.108170661978429061e-01 6.295802250769471087e-01 4.161885607258877240e-01
7.108539377778702040e-01 6.585900094049224052e-01 4.483120898704669455e-01
7.111175829343340249e-01 6.888408697417895965e-01 3.828597584109938445e-01
7.113846347041697937e-01 7.006143927411055961e-01 4.013648496280765587e-01
7.115195633122409768e-01 6.882663544160372293e-01 4.254558850247932567e-01
7.115491540911397239e-01 6.863243844049222719e-01 4.283222829920470542e-01
7.117175476658661459e-01 6.691440984097103417e-01 4.464494405138492716e-01
7.117200859268100199e-01 6.295857691732194006e-01 4.171391394493829119e-01
7.118033809635747611e-01 6.305469685148745729e-01 4.142261176363699060e-01
7.126249091569741845e-01 6.730748626667212298e-01 4.434694553693554475e-01
7.126860278086499800e-01 6.295941855121386377e-01 4.191135056857029917e-01
7.127669181771519868e-01 6.296042049632329940e-01 4.220850410931072383e-01
7.129701794416869465e-01 6.297354597725696168e-01 4.318085510003404348e-01
7.129944265133353332e-01 6.297267094519470865e-01 4.308024979159526535e-01
7.131337636798880109e-01 6.888992497434995865e-01 3.828651689145848303e-01
7.132758394964064941e-01 6.892996270092314193e-01 4.225892866685176386e-01
7.133234652872751935e-01 7.005843343878224161e-01 4.003675134661408563e-01
7.136211097811191451e-01 6.681356072588895412e-01 4.464800332378575098e-01
7.140439974136431056e-01 6.830217729351890643e-01 3.828345427924063071e-01
7.142768494570768123e-01 7.005684368587525856e-01 4.003716548392598495e-01
7.143242080625828994e-01 6.872787705198333263e-01 4.255296281848480189e-01
7.143270803052299556e-01 6.996249385473640725e-01 4.023611504467324851e-01
7.144048312457225158e-01 6.721045122263997751e-01 4.435474734952104536e-01
7.145911262397375285e-01 6.305318057455517877e-01 4.201202267334971374e-01
7.150532901205515213e-01 6.840223153214749496e-01 3.828455975867804395e-01
7.151554217253736079e-01 7.004909531036226378e-01 3.915388407361476975e-01
7.155883956053326056e-01 6.333962332207569990e-01 4.152499719455354232e-01
7.156041595417210743e-01 6.325058380001686853e-01 4.171456854907645839e-01
7.156110395648058731e-01 6.305535813525968702e-01 4.250339993373787872e-01
7.156713566603941645e-01 6.305885158387459777e-01 4.269947057220401798e-01
7.157314065706198436e-01 6.324564087081030461e-01 4.346733124572487728e-01
7.157394889278360095e-01 6.306304639406612456e-01 4.289554121067016279e-01
7.157479052667553576e-01 6.306315994784519319e-01 4.308265112004088793e-01
7.157624668690124592e-01 6.315771684763998861e-01 4.337267749123616678e-01
7.157679441689440702e-01 6.306535754745189459e-01 4.318338000170983126e-01
7.160690620725008726e-01 6.840136317971932112e-01 3.828719487431586632e-01
7.160725354822136124e-01 6.986779668262629306e-01 3.897290606831381177e-01
7.160977177026308649e-01 6.879385179762287361e-01 3.829053135153029919e-01
7.161456774752026355e-01 6.898679970716459220e-01 3.839026496772386943e-01
7.162003836781780652e-01 6.844743261585133354e-01 4.292567637974505912e-01
7.162347169972614891e-01 7.005253532190467425e-01 3.983883378932954189e-01
7.162666456480822896e-01 7.005307637226376727e-01 3.993956935063255331e-01
7.164557460884036777e-01 6.489851631968170942e-01 4.454788228881653156e-01
7.164626261114885875e-01 6.440833137397378172e-01 4.444799170122248344e-01
7.164773881027676206e-01 6.480287063953464877e-01 4.454535070750668124e-01
7.165271513765364420e-01 6.314895316774943312e-01 4.241402642997590955e-01
7.165477246494502683e-01 6.325097789842658580e-01 4.190228630514690744e-01
7.170707399965774442e-01 6.850181819639168390e-01 3.828906183203645841e-01
7.171867652402504900e-01 6.908874428223299446e-01 3.849106064573344366e-01
7.172880284926445027e-01 6.701449747776994093e-01 4.426376739376693958e-01
7.173057963192518427e-01 6.995785818869674211e-01 4.004216519002208874e-01
7.175417209943544261e-01 6.323855377906953956e-01 4.318827617347795744e-01
7.180455657917210743e-01 6.781412983071111178e-01 3.838693850996053314e-01
7.182435501453462434e-01 6.995788490723299224e-01 3.994681007395676775e-01
7.182778166680890974e-01 6.892312275564270729e-01 4.196249318677310325e-01
7.183919716142245226e-01 6.461151916253397021e-01 4.435587286786064620e-01
7.184314482515363753e-01 6.333486742262288693e-01 4.289648971870709815e-01
7.190630744485267956e-01 6.781437029753737411e-01 3.838827109695608919e-01
7.192353422110097094e-01 6.700902685747239795e-01 4.407664746494512342e-01
7.192915847298195775e-01 6.680871799119333376e-01 4.416965134982029362e-01
7.193640587594023472e-01 6.342892334986297564e-01 4.299508111747590844e-01
7.193882390347101641e-01 6.450526622349498362e-01 4.425335718407986674e-01
7.194467526291014048e-01 6.391946231617624541e-01 4.376410738714074378e-01
7.200782452334105743e-01 6.781311452633355108e-01 3.839145728240410116e-01
7.201265389876855272e-01 6.902421233755104968e-01 4.166703961290169622e-01
7.201358904753736301e-01 6.729647155010235471e-01 4.378781674824710479e-01
7.201761686687730979e-01 6.720098618117280598e-01 4.388450445130798183e-01
7.203593242347785530e-01 6.449892725076926681e-01 4.415403436538116733e-01
7.203972645562559673e-01 6.391861400265025361e-01 4.367115025970401687e-01
7.210024394023571981e-01 6.750221095887458667e-01 4.348688921426113185e-01
7.211114510302641945e-01 6.986546549033832987e-01 3.975117361170471542e-01
7.212175236191834538e-01 6.642212749016733753e-01 4.407589934593007519e-01
7.213375566432942421e-01 6.401381882694915371e-01 4.357752850867802619e-01
7.213541221357703259e-01 6.410712663517419418e-01 4.366818116236304559e-01
7.220001763423367080e-01 6.749983968878224827e-01 4.339390536828814926e-01
7.221178046981848730e-01 6.892268189979455784e-01 4.167248685448001755e-01
7.221339026162765240e-01 6.719450693613177039e-01 4.369427515282987007e-01
7.229495527317005843e-01 6.790924114013313639e-01 3.839667407660725118e-01
7.230264353197648486e-01 6.749769552624804714e-01 4.329632259426284269e-01
7.230592991193544039e-01 6.882782441646692062e-01 4.167115426748446150e-01
7.231081272443544705e-01 6.729436078573847180e-01 4.349751985187227943e-01
7.231577569254420412e-01 6.537116722597445806e-01 4.406880557455524761e-01
7.231781966056746169e-01 6.517560757951412764e-01 4.406596005044443598e-01
7.232272919160370739e-01 6.487814343578978127e-01 4.396306028770504137e-01
7.239884362175076360e-01 6.749905149196282483e-01 4.320081050679703827e-01
7.240703953274597593e-01 6.863639278385748055e-01 4.176831956438083471e-01
7.240709296981848730e-01 6.729426059122752823e-01 4.340039463278028142e-01
7.241351877778702262e-01 6.660985860550592275e-01 4.369438536679191021e-01
7.241405982814611564e-01 6.526920261200387374e-01 4.396993697097282272e-01
7.241412662448674098e-01 6.565816438312219727e-01 4.397191080283842091e-01
7.242486079642587171e-01 6.487617962337528521e-01 4.376304532532473979e-01
7.248861122392245004e-01 6.800799285011945861e-01 3.839911882267428300e-01
7.250088171169604134e-01 6.749927859952096210e-01 4.309885591227754498e-01
7.250200389021861369e-01 6.739547708618306432e-01 4.320369944852925914e-01
7.250440187884721333e-01 6.729260404197991985e-01 4.330304898576420869e-01
7.252222314252709801e-01 6.412322455326584514e-01 4.182401101338049099e-01
7.258708906891219170e-01 6.811142698358388925e-01 3.839720510751525318e-01
7.259666098452436378e-01 6.910198331694571428e-01 4.030885291980149665e-01
7.260038822033147987e-01 6.909902423905583957e-01 4.003380228817530195e-01
7.260592563696964818e-01 6.872700869955515879e-01 4.117072276312399581e-01
7.260648004659686627e-01 6.881827921939099868e-01 4.098391009746907288e-01
7.260742855463380163e-01 6.759269996152507121e-01 4.280548304441674223e-01
7.260823679035541822e-01 6.718763359268101754e-01 4.320165882032303006e-01
7.261183711311534061e-01 6.575090442245188349e-01 4.376576727620538620e-01
7.261243160054693391e-01 6.555969989740058068e-01 4.376341604501523541e-01
7.261374748845733640e-01 6.537009848452438598e-01 4.375766488008705490e-01
7.262318581138824669e-01 6.422194954471591721e-01 4.182536363927823464e-01
7.262874994656266514e-01 6.422101439594710692e-01 4.221591182348651272e-01
7.270340153684994311e-01 6.777067213149770009e-01 4.244078838384902630e-01
7.270745607472614003e-01 6.768014305104285144e-01 4.252715939209971152e-01
7.270841126239714347e-01 6.758772363414818907e-01 4.261714408237843865e-01
7.271022812286225268e-01 6.574817913175421413e-01 4.366215947225531302e-01
7.271429602000657466e-01 6.594339143724327057e-01 4.356426943506311322e-01
7.271434277744501795e-01 6.613231820707911046e-01 4.347361010174403129e-01
7.271476359439098536e-01 6.718838839133013385e-01 4.289345048520846748e-01
7.278107900136773223e-01 6.831965789586158522e-01 3.850057912427311546e-01
7.280336894023571315e-01 6.785699304249291908e-01 4.195719957677823686e-01
7.280415045742107960e-01 6.775368582207568213e-01 4.205525994463903960e-01
7.287957688525965594e-01 6.800928201949359986e-01 3.849724264705868815e-01
7.288300353753394134e-01 6.821609016971589279e-01 3.850311738521702831e-01
7.290902739184310644e-01 6.564487859097103417e-01 4.326257708297693294e-01
7.291151889534858155e-01 6.545559112089579523e-01 4.316727874380114627e-01
7.298394616749289687e-01 6.811893489227062171e-01 3.860238342702619341e-01
7.298768676256813803e-01 6.841027381155926346e-01 3.992989724050943212e-01
7.298814765731848064e-01 6.841044080241083236e-01 3.983147283259219629e-01
7.298893585413790408e-01 6.840905143852574755e-01 3.973761395455697176e-01
7.299253617689782647e-01 6.831756717039989546e-01 4.011069489569069058e-01
7.300911502864201319e-01 6.478995890689100978e-01 4.222234431108911057e-01
7.301028396460301773e-01 6.479269087722274723e-01 4.250228109503233487e-01
7.301033072204146102e-01 6.488854362602576309e-01 4.202923609032987451e-01
7.301172676556061392e-01 6.489210387098129917e-01 4.250307597148582639e-01
7.301220101957908160e-01 6.517099195237664455e-01 4.250212412363185699e-01
7.307307252479453563e-01 6.688196685832739075e-01 3.923980420656620893e-01
7.308146882481163509e-01 6.791222025692520425e-01 3.859828881134562129e-01
7.316976022785541822e-01 6.688359000940468091e-01 3.933776437991606811e-01
7.317822332421314302e-01 6.763545629916186686e-01 3.915904743074541394e-01
7.327656757652162289e-01 6.659897080198334818e-01 4.020330802197317754e-01
7.327769643467826333e-01 6.659665296896351006e-01 4.029702996751011734e-01
7.328159066133694832e-01 6.707605698529387483e-01 4.019405338897899527e-01
