4.783915173991090675e-01 9.595162742604275152e-01 5.539795923820090007e-01
4.793344479416022375e-01 9.585867363842305311e-01 5.568848992176792523e-01
4.793651408601213859e-01 9.605828114312551236e-01 5.569375013359247895e-01
4.803615752714586185e-01 9.615887643211319391e-01 5.519391979629768574e-01
4.813133563290851180e-01 9.585435859481840071e-01 5.509154772464925909e-01
4.813249120960140237e-01 9.606149404710977446e-01 5.509316085627544712e-01
4.813376367989039006e-01 9.595958287021169042e-01 5.509124046148236031e-01
4.821700861939962057e-01 9.527295656634713339e-01 5.539072519451074816e-01
4.821806734139859607e-01 9.527175423221579953e-01 5.578379494057777999e-01
4.821910602449538397e-01 9.576914650307762900e-01 5.607678372947996204e-01
4.822050540783156536e-01 9.537070633122400887e-01 5.598356609631477410e-01
4.822132366300427297e-01 9.556927181301265728e-01 5.608222763124124377e-01
4.831803474478436611e-01 9.556590527744494024e-01 5.618123984695602147e-01
4.831927715672007517e-01 9.506810554890526843e-01 5.558685260986642174e-01
4.831962115787431511e-01 9.506654251453454663e-01 5.568844984396355002e-01
4.832456408708087903e-01 9.645845801983549128e-01 5.569063074448509232e-01
4.832591671297862268e-01 9.527570189594699590e-01 5.517856999722107192e-01
4.832880565471083800e-01 9.655437088534507550e-01 5.519845526782640732e-01
4.833257296832232930e-01 9.655245383036901163e-01 5.509371526590267631e-01
4.833744242155420534e-01 9.575555344775957822e-01 5.498027838042901516e-01
4.841383739633190464e-01 9.586281501154206852e-01 5.627776055916532405e-01
4.841775166189278279e-01 9.607052491236285352e-01 5.617739905736983674e-01
4.842817523084798070e-01 9.507117818057421177e-01 5.518291843899604254e-01
4.842979170229120833e-01 9.664708420613850048e-01 5.509421289864036009e-01
4.843016576179873245e-01 9.527765902872742387e-01 5.507296498268619001e-01
4.843311148042048209e-01 9.645056937200717773e-01 5.498754582228947418e-01
4.843313485913970373e-01 9.546903054463030669e-01 5.497675487346082024e-01
4.851324371045639405e-01 9.586701650136764119e-01 5.637665922110103311e-01
4.852932158964585740e-01 9.674950303522537043e-01 5.519545611213215741e-01
4.860794088256651380e-01 9.566632689594698480e-01 5.647213123076245678e-01
4.860883929334797737e-01 9.556214464346750592e-01 5.647324672965096104e-01
4.861790689658840314e-01 9.607110604052633285e-01 5.637687296939104531e-01
4.871311506070433728e-01 9.488153668989364187e-01 5.498982357750493710e-01
4.871765387205009845e-01 9.509137739398050293e-01 5.488383448401142894e-01
4.872664799931583079e-01 9.624820317843673090e-01 5.478490910353948085e-01
4.880612896503060405e-01 9.458168123717476394e-01 5.509787333810685084e-01
4.880614900393279165e-01 9.448418529839227586e-01 5.519652151376519544e-01
4.880658318014688413e-01 9.487123001453454663e-01 5.637939787106682754e-01
4.880972594797349240e-01 9.489037384575889078e-01 5.488928172558974472e-01
4.889790379723819580e-01 9.556635281292715778e-01 5.667028925487326285e-01
4.908973954770844417e-01 9.536709932883002949e-01 5.676433850247927237e-01
4.935353499593860827e-01 9.347061762568366072e-01 5.618477337337530741e-01
4.937087532596596273e-01 9.439375641244835968e-01 5.665707693869678208e-01
4.937722431814277613e-01 9.545919812328966803e-01 5.695739996580007070e-01
4.937912133421664684e-01 9.536269077034849051e-01 5.695830171639856276e-01
4.945223660866945314e-01 9.346813280181225370e-01 5.637865643168584739e-01
4.955964846421835879e-01 9.401967018638817120e-01 5.665880028428502690e-01
4.984368654347622329e-01 9.279042380942169599e-01 5.608135259917900184e-01
4.993688079792218959e-01 9.250685330454823108e-01 5.566562887418755601e-01
4.993708786657813925e-01 9.250409461568024350e-01 5.576605049268961167e-01
4.993731831395331056e-01 9.279228742732524848e-01 5.618219503462702491e-01
5.003275358562738750e-01 9.250126245083756249e-01 5.597510299995704930e-01
5.003547553650803392e-01 9.240915697674385587e-01 5.566914236170465990e-01
5.004965305980658696e-01 9.614038720502701141e-01 5.734018307541018933e-01
5.012695312499981792e-01 9.259994068484919127e-01 5.617509458361813479e-01
5.013452115039311874e-01 9.230664463278011045e-01 5.576993136008017160e-01
5.013458460691671004e-01 9.240740691261937201e-01 5.556536756690301226e-01
5.014235302133189798e-01 9.683139534883685728e-01 5.723706956438078253e-01
5.014574293561883112e-01 9.478969172152839073e-01 5.724742299717832106e-01
5.022449916103778333e-01 9.260324710371033996e-01 5.627659162320430841e-01
5.024312198080522762e-01 9.624032121024247433e-01 5.743504723837188353e-01
5.024417736298716353e-01 9.613688039714397560e-01 5.743574859994849957e-01
5.024432431493655038e-01 9.634344808054000620e-01 5.743292311473987555e-01
5.024511585157300786e-01 9.497976070878898502e-01 5.734210681002031018e-01
5.043272673349845636e-01 9.211438472554686063e-01 5.555945943057435388e-01
5.044895824427136910e-01 9.613903791894630180e-01 5.753522171041360878e-01
5.052232400500152876e-01 9.251064733669597251e-01 5.647647299290335932e-01
5.052324913431924802e-01 9.201628761969871118e-01 5.596513698593515995e-01
5.052438801192696838e-01 9.239733402445247101e-01 5.518261785546321185e-01
5.052546343301110854e-01 9.211274821520144540e-01 5.607068522358050755e-01
5.052875983242115510e-01 9.201815791723633176e-01 5.555996040312907169e-01
5.061833706502204544e-01 9.450708308395998625e-01 5.743886798905588620e-01
5.061986002158839204e-01 9.248295357387107396e-01 5.500111549888830886e-01
5.062074507310173610e-01 9.258207266373086330e-01 5.490465156356854060e-01
5.062198748503743406e-01 9.202006161294427056e-01 5.546373359481854282e-01
5.062231812692354893e-01 9.240957111405575519e-01 5.647399484866600927e-01
5.062232814637465106e-01 9.211290184678490034e-01 5.617123375512975691e-01
5.062324325624126820e-01 9.230776681130268280e-01 5.637217050701074372e-01
5.070350907895844195e-01 9.318245821220897396e-01 5.695613083532811149e-01
5.071107710435173166e-01 9.299059240338544141e-01 5.686224189893960279e-01
5.071483773832916597e-01 9.182672628462689168e-01 5.566254622306752164e-01
5.071800054505796185e-01 9.221441224563921013e-01 5.636752148170294241e-01
5.072033841697998202e-01 9.211590100247915025e-01 5.626658553137804386e-01
5.072698465287259761e-01 9.780222004317680184e-01 5.702823748503741408e-01
5.073444914393792082e-01 9.741464095630950615e-01 5.743214827718857718e-01
5.080640216206376847e-01 9.289318997947982881e-01 5.686280298820088897e-01
5.081802806515030024e-01 9.173006530010227033e-01 5.576673515518105750e-01
5.082333503441329725e-01 9.182309924333071915e-01 5.596802926748440932e-01
5.090419200474503025e-01 9.297625790868639939e-01 5.431629603603777001e-01
5.090975613991944870e-01 9.182931798264331036e-01 5.536928356916874794e-01
5.091326962743655260e-01 9.789512039372399999e-01 5.712576014235615229e-01
5.091888719968347132e-01 9.201407666082388470e-01 5.626703306686026140e-01
5.092489553052307327e-01 9.760293316090936644e-01 5.743208148084795184e-01
5.099436372477751389e-01 9.308107472640185787e-01 5.705271834387803942e-01
5.100245944126178266e-01 9.287486774324522631e-01 5.432183011285890428e-01
5.100426294245877790e-01 9.182715378120691607e-01 5.527698438568721118e-01
5.100433307861643728e-01 9.202199202718844839e-01 5.508394296126861711e-01
5.101429575282129258e-01 9.163292338192511322e-01 5.556747165163283819e-01
5.101512736726212527e-01 9.163292338192511322e-01 5.576808778107880116e-01
5.101647999315986892e-01 9.163234893339570197e-01 5.566604969113352341e-01
5.110182233776486838e-01 9.192375464902498017e-01 5.508795074170637074e-01
5.110411345224844526e-01 9.201821803394290011e-01 5.636318639919610796e-01
5.110707920977238805e-01 9.808458153428487591e-01 5.712743673050595383e-01
5.117934283088216851e-01 9.308533633293399889e-01 5.714549178137804386e-01
5.119317635302649272e-01 9.297680563867956050e-01 5.412550564829836652e-01
5.119467927069064617e-01 9.192081561003728751e-01 5.626482210798543493e-01
5.119568121580009290e-01 9.211550690406943298e-01 5.646433609781101870e-01
5.120859962807778887e-01 9.163339095630952391e-01 5.596720099286061068e-01
5.129126677924058519e-01 9.277599579984576739e-01 5.422697596934830111e-01
5.129560854138148773e-01 9.818061463320758575e-01 5.712601396845055080e-01
5.129896839731513669e-01 9.163052539329652468e-01 5.596595190129084463e-01
5.137351645327443705e-01 9.289029769793057945e-01 5.714116337850526639e-01
5.138459796618484177e-01 9.396065561944221267e-01 5.344713203231854504e-01
5.138553311495364095e-01 9.424108669630608670e-01 5.334851725483051865e-01
5.138980474093688411e-01 9.162778006369666217e-01 5.587156867198167509e-01
5.147806942544441711e-01 9.405684902958242333e-01 5.334799958319064173e-01
5.147853699982881670e-01 9.162996430403523851e-01 5.556937200752374295e-01
5.147900123439619335e-01 9.386619223452429273e-01 5.344440340180384164e-01
5.148411783408839426e-01 9.162997766330336358e-01 5.577190853176279273e-01
5.149362629317697504e-01 9.759398245126503779e-01 5.782107665013659359e-01
5.155938061089242463e-01 9.376110823144631068e-01 5.752943046768105306e-01
5.157151416616773121e-01 9.279236758293399889e-01 5.714163763252373407e-01
5.157263634469030356e-01 9.269608065791690166e-01 5.704668663431922138e-01
5.157991714581889875e-01 9.827592633165149749e-01 5.702973372306751054e-01
5.167010222511951856e-01 9.269379622306738176e-01 5.704686030480485837e-01
5.167088374230487391e-01 9.201238003377190111e-01 5.636025403984248339e-01
5.167220964966636743e-01 9.191915238115562214e-01 5.626405395006819354e-01
5.167283753526827894e-01 9.317632630813920125e-01 5.383233316945945646e-01
5.167317819660549594e-01 9.837496526590252532e-01 5.672832191561196780e-01
5.167508189231342364e-01 9.817570510217132895e-01 5.732814637482879228e-01
5.176992935618996983e-01 9.837352914457898612e-01 5.682987907190472088e-01
5.177060733904734757e-01 9.739671949811866680e-01 5.791723666210649712e-01
5.177244757823168397e-01 9.759261312628213503e-01 5.791684256369677986e-01
5.177265130707060514e-01 9.720614953830334359e-01 5.791828536465437605e-01
5.177304206566328837e-01 9.769033617262277147e-01 5.791652862089582410e-01
5.185543201201247010e-01 9.827088988756804699e-01 5.722674952975356222e-01
5.186177766437224390e-01 9.788113991963028893e-01 5.791366305788282487e-01
5.186365798136096661e-01 9.797686575538611109e-01 5.781781030907982011e-01
5.195069027338388157e-01 9.414307642570075574e-01 5.315663808673886104e-01
5.195823158024092114e-01 9.182239120212005723e-01 5.498637688632845855e-01
5.195857558139516108e-01 9.181836338278011045e-01 5.606076596699706149e-01
5.204736461717662799e-01 9.172778754488680741e-01 5.587262405416362210e-01
5.213543559229631974e-01 9.298087353582388248e-01 5.392772836332915265e-01
5.213656445045296017e-01 9.837282110336832419e-01 5.682502965757503244e-01
5.213950014962361879e-01 9.788286326521852265e-01 5.791275462765027582e-01
5.214370831908325954e-01 9.182042071007149309e-01 5.499169053522552364e-01
5.214385527103264639e-01 9.172531608028352546e-01 5.567277608263488942e-01
5.214400556279905619e-01 9.172347918091622310e-01 5.547555320729289363e-01
5.214546506284181149e-01 9.172683235721581507e-01 5.577170480292387156e-01
5.221601869763148329e-01 9.469784007352907151e-01 5.279757435768619445e-01
5.221683361298715687e-01 9.450320221656942632e-01 5.289065839817012060e-01
5.223328889150118393e-01 9.797436089261251091e-01 5.781704883079664681e-01
5.230905932049400020e-01 9.489050075880608448e-01 5.270367206202956067e-01
5.231219540868654594e-01 9.508821124743468411e-01 5.269877923007847409e-01
5.232847367689790197e-01 9.778791894664807804e-01 5.791100456352578085e-01
5.233233450538626874e-01 9.797258410995176581e-01 5.781642762482879228e-01
5.233870353646526974e-01 9.826859209345040203e-01 5.722652910182948194e-01
5.252930355463387713e-01 9.806967259105642265e-01 5.762068094861469980e-01
5.262841262504256434e-01 9.827432989911045746e-01 5.692785594433974472e-01
5.271065227962532518e-01 9.798012541680881649e-01 5.761871045656613566e-01
5.271233220759214966e-01 9.807404775136764341e-01 5.752249032788967487e-01
5.272197091954495818e-01 9.827816400906257410e-01 5.672918358840608466e-01
5.272297286465439381e-01 9.817450944767406318e-01 5.712906656121730098e-01
5.281893248760241022e-01 9.817923862859061490e-01 5.693185036550937328e-01
5.290567755536061956e-01 9.287842798820076240e-01 5.393241746644132917e-01
5.300005410503572101e-01 9.297625790868639939e-01 5.383414669010753162e-01
5.318828285311199000e-01 9.585854004574179132e-01 5.810470727171661576e-01
5.319271145049571103e-01 9.605016538773905044e-01 5.810769306814275170e-01
5.336949130578810818e-01 9.423723254745178801e-01 5.800376464175766023e-01
5.339280990830179707e-01 9.240359284156943742e-01 5.647286599050936884e-01
5.346374428223304998e-01 9.537024543647366626e-01 5.231704148319920034e-01
5.346441892527340478e-01 9.538713823101880873e-01 5.810270338149774449e-01
5.346712083725185805e-01 9.526785332592304645e-01 5.231578237217833216e-01
5.348701612730829558e-01 9.219886873717477727e-01 5.587400005878058185e-01
5.355995773127545379e-01 9.557695339218501562e-01 5.231420597853948529e-01
5.356083944297176380e-01 9.700742374529719436e-01 5.278983266180726774e-01
5.356162763979118724e-01 9.681750838962003280e-01 5.259712187927477745e-01
5.356585584815302115e-01 9.497189877949692161e-01 5.231688785161574540e-01
5.357032118352409444e-01 9.430285995212004391e-01 5.260435926278196339e-01
5.357069190321458452e-01 9.448503361191826766e-01 5.250876034007334603e-01
5.357487669395500918e-01 9.614857643638816675e-01 5.810888204300594939e-01
5.357802614141567998e-01 9.596130621579993525e-01 5.811083249615232038e-01
5.365873615979802613e-01 9.520244634917887083e-01 5.810414618245532958e-01
5.366280071712532518e-01 9.567778246836491363e-01 5.231076596699707482e-01
5.367375865680554803e-01 9.229207635088886308e-01 5.500131588791019599e-01
5.375413803330179041e-01 9.520375555745519414e-01 5.810402594904220397e-01
5.375667295442867477e-01 9.614890373845724758e-01 5.240680908537087568e-01
5.375704033430213080e-01 9.413617636371375275e-01 5.800253558909007623e-01
5.376325907361472201e-01 9.624161705925068366e-01 5.810274345930211970e-01
5.376964146396184807e-01 9.229229677881294336e-01 5.577674792664139014e-01
5.376980511499638293e-01 9.228829567800924671e-01 5.549023504296320963e-01
5.377511876389344803e-01 9.239426139278352768e-01 5.617170132951416761e-01
5.385601247221253329e-01 9.530021615295793946e-01 5.810389235636094218e-01
5.385909512333256766e-01 9.429706202975342011e-01 5.260465984631479408e-01
5.386712070365917704e-01 9.239402760559132233e-01 5.607811965629254658e-01
5.387230409969201439e-01 9.517282217210978335e-01 5.221713085670296461e-01
5.387439482515370415e-01 9.527164735807079898e-01 5.221635601915165514e-01
5.395685490766054526e-01 9.682039399153522519e-01 5.259447006455179041e-01
5.395969375213729435e-01 9.238650633763646480e-01 5.510031474435684862e-01
5.395988078189105641e-01 9.248957309122743942e-01 5.617821397272552142e-01
5.396125678650801616e-01 9.624575175273563099e-01 5.809864216398747949e-01
5.396313042386267078e-01 9.277389171511594146e-01 5.413397876410719345e-01
5.397301628227579862e-01 9.517548066646682736e-01 5.221705738072827119e-01
5.405132497221253329e-01 9.429718894280062491e-01 5.260229191603947863e-01
5.405197289671663796e-01 9.682187019066312850e-01 5.259434649132163075e-01
5.405706611768961167e-01 9.567718130129925225e-01 5.810212893296833325e-01
5.406343848858564671e-01 9.615368635644629958e-01 5.809626421426107301e-01
5.407087626111471979e-01 9.527755215458242333e-01 5.221456921703983012e-01
5.414274578381478298e-01 9.375917113756806476e-01 5.762654566732196004e-01
5.414379782617969594e-01 9.462920015389842954e-01 5.800389155480485393e-01
5.414665336974159304e-01 9.420974585328283357e-01 5.269041298841465881e-01
5.414926844647723891e-01 9.615065380258173144e-01 5.240414391137977468e-01
5.415434496836506462e-01 9.586994886072126576e-01 5.810082640432605583e-01
5.415508306792901072e-01 9.297002581010568312e-01 5.393796824234762255e-01
5.416345264940986004e-01 9.634674114013302981e-01 5.799703825025629422e-01
5.416467168262634191e-01 9.683480864184301762e-01 5.761344022529049091e-01
5.424313734396355446e-01 9.258282746237996852e-01 5.460934828146355446e-01
5.424402239547688742e-01 9.267868021118297328e-01 5.441822057220397912e-01
5.426003347832573098e-01 9.615442779582729083e-01 5.800012424119336263e-01
5.426622549910206095e-01 9.634927272144288013e-01 5.789565476444917813e-01
5.434160516950219399e-01 9.539946883549897949e-01 5.800882112474329277e-01
5.434726281955349902e-01 9.558592414073153742e-01 5.800425893467830996e-01
5.434821466740746843e-01 9.770393590757489033e-01 5.309487819019304000e-01
5.434855198892764028e-01 9.567730821434644595e-01 5.800261574469883774e-01
5.434934018574707482e-01 9.587400339859746268e-01 5.800018435789993099e-01
5.436121991492798289e-01 9.616025243673016476e-01 5.789702408943208090e-01
5.436391848708941321e-01 9.634757609439089654e-01 5.780159215757503244e-01
5.443134605313763030e-01 9.297835531378215723e-01 5.657638695921662908e-01
5.443334660353947863e-01 9.701437724435669763e-01 5.269424041873270737e-01
5.443689682904392368e-01 9.442362773597777759e-01 5.780981478710649490e-01
5.443959540120534291e-01 9.594972373033481272e-01 5.240428418369509345e-01
5.444051051107197114e-01 9.258043615338543697e-01 5.499920178372927904e-01
5.445400671169611240e-01 9.587660177624794944e-01 5.789709088577270624e-01
5.445800113286574096e-01 9.643942106275614767e-01 5.761232472640198665e-01
5.452977380087189463e-01 9.297862917877873778e-01 5.648086151248269404e-01
5.453178437072483398e-01 9.692042151162756358e-01 5.269695235016226276e-01
5.453729506882675215e-01 9.760716136927120035e-01 5.560800033130964826e-01
5.454258199918755601e-01 9.356399890988338353e-01 5.732773891715096104e-01
5.454366743972278719e-01 9.375329305959269055e-01 5.752148170314617115e-01
5.454507684251006516e-01 9.365709296981840071e-01 5.742313745083769128e-01
5.463342836226040555e-01 9.423082009875137777e-01 5.761810260986641730e-01
5.463371558652511117e-01 9.604826169203112274e-01 5.250141942223818248e-01
5.463499807626519544e-01 9.384566571904890964e-01 5.751965816304699386e-01
5.472656917963386602e-01 9.546055408900444572e-01 5.240155221336335600e-01
5.472962511221766135e-01 9.789142655608720212e-01 5.309394638124126375e-01
5.473031979416019821e-01 9.277783269921306974e-01 5.461306549781956843e-01
5.473469161465438493e-01 9.413080593792716444e-01 5.751889668476382056e-01
5.482015753248954404e-01 9.788801326308104178e-01 5.309458762611130034e-01
5.482301641586847518e-01 9.286884271332046525e-01 5.451815123760240800e-01
5.482357416531272731e-01 9.541111811730471626e-01 5.762001966484247006e-01
5.482532756925424522e-01 9.277361117048530392e-01 5.471230816090951743e-01
5.483382072396526530e-01 9.443152974307421621e-01 5.751913715159008289e-01
5.483403781207231154e-01 9.712271422922331698e-01 5.637805526462018602e-01
5.483750788196799508e-01 9.403516693741416077e-01 5.741852850333426517e-01
5.491032257288797069e-01 9.788738537747913027e-01 5.318539725119679762e-01
5.492229915676279939e-01 9.277582212936013040e-01 5.499918842446115397e-01
5.492285690620705152e-01 9.277601583874796054e-01 5.519529246109761145e-01
5.492478732045124046e-01 9.491404646887791063e-01 5.752046639876859935e-01
5.492513466142251444e-01 9.287142105206874776e-01 5.568084842039994209e-01
5.492714523127545379e-01 9.365747370895999291e-01 5.713843140817352895e-01
5.493379480698509232e-01 9.443031404967476838e-01 5.741566961995533402e-01
5.501457830134214300e-01 9.585579471614192881e-01 5.259665430489037785e-01
5.502140154753741852e-01 9.287176839304002174e-01 5.500363706074706815e-01
5.502283432904392368e-01 9.287330470887449341e-01 5.529144913325048094e-01
5.502319502928332273e-01 9.307571765988338353e-01 5.598497215928502913e-01
5.502631107857367532e-01 9.297480842809474622e-01 5.578548488799569549e-01
5.511942183759385161e-01 9.375196381241416299e-01 5.694836242091292355e-01
5.512293198529392146e-01 9.395173162833413416e-01 5.704434876239720120e-01
5.512391723131819798e-01 9.297303832506806920e-01 5.548689856574877677e-01
5.513190941347450025e-01 9.570365269109062378e-01 5.703195804121046208e-01
5.521845075239378842e-01 9.327150441390185120e-01 5.598607429890540832e-01
5.521993363115574871e-01 9.307137589774248099e-01 5.558454145648065170e-01
5.522272237837702047e-01 9.644725627351197206e-01 5.666203322717148216e-01
5.530818495639514554e-01 9.315923980420622863e-01 5.500296909734077033e-01
5.531348190620705152e-01 9.316615322546136779e-01 5.558864943142934889e-01
5.540825589410890428e-01 9.325906025564262292e-01 5.500611186516738416e-01
5.541217015966977133e-01 9.336361656762962591e-01 5.579109244079152319e-01
5.541234049033837428e-01 9.326535915056396453e-01 5.559015234909351344e-01
5.549920245169268629e-01 9.731592932412755914e-01 5.474336511948509898e-01
5.551248824384384939e-01 9.336475878505438031e-01 5.500500972554699386e-01
5.560278353710650379e-01 9.345627645135055062e-01 5.549354814145841530e-01
5.568730428672176158e-01 9.722343643125820334e-01 5.426240140860103534e-01
5.569538664393789418e-01 9.720934908301949173e-01 5.474949702355486059e-01
5.569798168177134690e-01 9.424815374914466970e-01 5.637686628975697722e-01
5.570077376880965270e-01 9.355474761670623529e-01 5.539478975183803611e-01
5.570102759490404010e-01 9.355535546340595365e-01 5.520102024730657586e-01
5.570238022080178375e-01 9.365788784627189223e-01 5.559794748204494041e-01
5.576792413004425519e-01 9.420359391031087881e-01 5.286952403599501915e-01
5.579788896845054857e-01 9.375503644408310633e-01 5.550027787277681535e-01
5.586043038218174717e-01 9.420340020092305977e-01 5.296446835456547486e-01
5.587811805318037006e-01 9.703289318997913027e-01 5.407569895690814699e-01
5.595705462871901625e-01 9.430188472554685841e-01 5.296701329514345025e-01
5.596284587145158307e-01 9.478055398213030003e-01 5.268247758314789086e-01
5.597555053543926684e-01 9.693354699256121476e-01 5.397780557989891870e-01
5.597754440620704708e-01 9.692287961696272047e-01 5.447210518018961167e-01
5.598692595224843416e-01 9.413794646674042976e-01 5.521473687585479739e-01
5.605200896674056299e-01 9.468634442330677858e-01 5.277352767505966158e-01
5.605675818655930787e-01 9.429700859268091984e-01 5.306614908408838760e-01
5.607166712978776113e-01 9.683200319553658675e-01 5.418141084558804055e-01
5.607272919160376512e-01 9.683361966697981993e-01 5.397813622178503357e-01
5.617578258592661467e-01 9.431565145135054617e-01 5.453407548520842196e-01
5.624094909584452795e-01 9.487953947930882759e-01 5.296685966356000641e-01
5.624394825153878896e-01 9.468079364740048520e-01 5.297029967510240578e-01
5.624746173905588176e-01 9.448973607429856925e-01 5.335784536379939436e-01
5.624823657660719123e-01 9.458419277958242111e-01 5.316730212252033239e-01
5.625234455155588842e-01 9.603909055446272491e-01 5.326724614718688633e-01
5.625804227941156865e-01 9.634618005087174364e-01 5.346796581096081580e-01
5.626470855420636630e-01 9.654248113671306530e-01 5.377779061751861711e-01
5.626575725675424522e-01 9.653778535396682070e-01 5.398640894857197337e-01
5.627463449042388044e-01 9.461258122434986761e-01 5.444515953637976136e-01
5.627542268724330388e-01 9.471257534627188779e-01 5.454492321092662133e-01
5.635446279710991657e-01 9.604141506711662002e-01 5.336775794074878343e-01
5.635761558438762142e-01 9.634105009191141766e-01 5.367554879873441820e-01
5.645465730805383497e-01 9.624199111875820778e-01 5.388706943078811484e-01
5.645587300145328280e-01 9.624076206609062378e-01 5.378182845630965492e-01
5.645609342937736308e-01 9.613925166723631399e-01 5.399361627372586403e-01
5.645782345459966489e-01 9.614420127607694599e-01 5.368007091099501471e-01
5.654637536337189241e-01 9.537776670442852378e-01 5.337320184251006516e-01
5.654833917578638847e-01 9.527797965116244772e-01 5.347392404454495152e-01
5.654840597212702491e-01 9.565194564380951059e-01 5.336907716847620886e-01
5.655274105463385936e-01 9.528343023255779753e-01 5.376482544780247785e-01
5.655501213021525420e-01 9.556283264577599690e-01 5.387750085499296571e-01
5.655511900436026584e-01 9.528772523726025678e-01 5.386619223452443483e-01
5.655572685105998421e-01 9.565284071477393457e-01 5.377626098131820243e-01
