0.03272250 0.17180976 0.60113233
0.03273519 0.16987154 0.60022938
0.03273804 0.17081362 0.60121302
0.03274247 0.17086040 0.60019464
0.03368392 0.16901587 0.59824613
0.03455693 0.18244921 0.60978506
0.03457279 0.17852837 0.60995232
0.03460992 0.18250574 0.60681543
0.03558716 0.18068637 0.60488749
0.03653335 0.18444759 0.60774243
0.03744581 0.18147066 0.61767251
0.03747882 0.18452845 0.61476433
0.03752288 0.18445642 0.60673895
0.03754032 0.18256647 0.60482984
0.03930051 0.17757630 0.61945657
0.04025643 0.17951340 0.62133188
0.04315998 0.18439729 0.62619799
0.04318108 0.18741709 0.62517200
0.04690711 0.15865831 0.58778335
0.04984763 0.15376461 0.58678354
0.05075480 0.14900727 0.58788294
0.05182782 0.15767659 0.58480397
0.05183691 0.15868393 0.58480530
0.05279513 0.16067676 0.58481024
0.05378665 0.16167992 0.58481125
0.05452129 0.14525761 0.58594638
0.05473882 0.15575417 0.58382059
0.05477564 0.15867412 0.58378412
0.05555194 0.14529052 0.58487564
0.05646328 0.13951646 0.58788508
0.05676439 0.16169779 0.58378225
0.05742286 0.13947155 0.58691112
0.05743876 0.14041471 0.58592140
0.05842014 0.13944572 0.58587985
0.05846198 0.14043234 0.58486575
0.05847516 0.13650444 0.58888402
0.05866462 0.16366468 0.58383161
0.05868817 0.15588118 0.58279847
0.05872882 0.15774266 0.58279146
0.05945288 0.13649228 0.58785850
0.05947353 0.13943718 0.58484692
0.05962304 0.15018017 0.58275265
0.06043907 0.13744840 0.58587585
0.06048154 0.13846431 0.58484110
0.06130339 0.14513068 0.61405816
0.06130761 0.14424247 0.61314686
0.06131517 0.14695315 0.61588651
0.06131938 0.14599675 0.61493813
0.06141305 0.13649468 0.58587084
0.06148534 0.18542678 0.59234494
0.06238062 0.18450210 0.59144472
0.06240487 0.18640125 0.59237112
0.06328400 0.18543512 0.59146496
0.06338520 0.19226488 0.59707753
0.06340400 0.12878701 0.59649834
0.06421568 0.18169867 0.58957570
0.06432316 0.18158310 0.64348281
0.06436888 0.17952181 0.64248989
0.06621266 0.18253631 0.64442898
0.06630310 0.17949721 0.64345189
0.06720744 0.12405537 0.59458315
0.06720818 0.12408085 0.59659586
0.06797154 0.22077897 0.64735179
0.06816104 0.12310741 0.59458041
0.06817207 0.12310859 0.59557922
0.06818408 0.12406498 0.59261820
0.06909838 0.12311612 0.59262435
0.06913990 0.12312994 0.59754984
0.07103330 0.12119637 0.59365729
0.07105534 0.12119596 0.59558309
0.07107912 0.12218250 0.59164211
0.07108123 0.12315243 0.59061805
0.07118744 0.15954266 0.58080694
0.07123121 0.15405898 0.57982998
0.07209829 0.12117724 0.59261827
0.07334649 0.13171819 0.58380730
0.07421114 0.12985599 0.58476990
0.07463381 0.22069508 0.61734868
0.07518837 0.13082717 0.58377884
0.07589468 0.11922443 0.59460613
0.07590224 0.11923247 0.59740356
0.07699455 0.12612085 0.58666304
0.07703912 0.12989243 0.58381418
0.07758124 0.21691808 0.61342854
0.07773921 0.11832489 0.59645505
0.07776078 0.11831880 0.59552518
0.07795510 0.12613695 0.58663011
0.07803761 0.15487326 0.58080333
0.07877595 0.11832963 0.59746354
0.07893810 0.15949572 0.58081449
0.07958483 0.17100523 0.58274477
0.07996879 0.12898465 0.58473931
0.08050911 0.21977476 0.61532034
0.08053693 0.21882541 0.61437043
0.08078281 0.11833150 0.59545838
0.08147288 0.22067769 0.61622276
0.08172106 0.11829920 0.59743522
0.08174508 0.11830765 0.59644550
0.08187202 0.12993557 0.58568247
0.08242265 0.22161949 0.61718343
0.08244883 0.22067392 0.61622036
0.08255654 0.17580583 0.58377757
0.08259332 0.16997196 0.58275192
0.08273000 0.16230283 0.58177782
0.08273487 0.16043205 0.58181991
0.08277608 0.11928518 0.59447808
0.08330129 0.22259056 0.62019147
0.08330946 0.22261175 0.62119635
0.08333144 0.22257356 0.61917843
0.08356050 0.17580080 0.58379841
0.08428949 0.22261806 0.62121993
0.08431169 0.22256744 0.61915452
0.08530668 0.22262033 0.62122013
0.08532158 0.22260759 0.62015526
0.08534376 0.22158350 0.61810475
0.08562074 0.11833861 0.59838039
0.08562109 0.11832867 0.59736375
0.08641559 0.18246225 0.58571453
0.08646211 0.17955872 0.58475821
0.08658158 0.11834753 0.59733770
0.08658933 0.11834298 0.59841459
0.08755324 0.11836601 0.59840444
0.08828410 0.22165415 0.62318835
0.08957846 0.11938856 0.59839174
0.09019096 0.21972478 0.62521802
0.09034223 0.18242722 0.58575935
0.09037918 0.17953191 0.58479582
0.09149470 0.11936041 0.60134615
0.09236025 0.18241424 0.58674467
0.09236138 0.17951214 0.58577412
0.09237456 0.18542207 0.58872064
0.09239180 0.12029769 0.60324410
0.09247249 0.11936068 0.60130353
0.09250464 0.11938300 0.60031788
0.09308032 0.21688802 0.62704858
0.09337314 0.17657775 0.58579055
0.09340216 0.12030766 0.60321324
0.09340508 0.15374205 0.58951464
0.09341890 0.17476443 0.58579616
0.09420017 0.21779015 0.62408923
0.09513169 0.21686188 0.62498250
0.09533210 0.17655138 0.58768503
0.09610000 0.21686092 0.61721429
0.09626930 0.18740592 0.59159221
0.09633238 0.18144570 0.58870701
0.09729890 0.12898464 0.59923725
0.09733225 0.14804036 0.59343265
0.09798875 0.21494485 0.61533858
0.09798963 0.21593422 0.61725269
0.09821734 0.18145495 0.59055680
0.09821901 0.18638564 0.59253284
0.09913728 0.15659502 0.59333045
0.09917455 0.18636845 0.59345142
0.09985074 0.21121517 0.62292257
0.09988004 0.12602677 0.61184593
0.09988273 0.21111441 0.61338285
0.10016581 0.18538815 0.59440460
0.10016721 0.18145705 0.59253985
0.10019808 0.17756708 0.59248020
0.10079555 0.18438094 0.65011322
0.10093525 0.12505657 0.60981632
0.10115790 0.17951685 0.59346318
0.10116879 0.18047137 0.59347513
0.10164422 0.17950917 0.65010828
0.10289687 0.12604855 0.60781016
0.10293405 0.13277711 0.60297945
0.10372961 0.15568467 0.59791281
0.10389822 0.13275278 0.60392582
0.10442259 0.17086137 0.65010741
0.10470245 0.12694586 0.61071440
0.10472808 0.12695686 0.60970364
0.10475498 0.12882559 0.60779467
0.10489279 0.18341818 0.60094550
0.10548721 0.15565849 0.59968405
0.10603424 0.15668838 0.64810786
0.10631862 0.17092763 0.65011168
0.10701522 0.15770409 0.64906712
0.10726865 0.17187811 0.65012658
0.10738889 0.17768505 0.65008116
0.10747861 0.18065052 0.65000287
0.10799928 0.15669351 0.64809590
0.10800611 0.15570898 0.64715808
0.10842936 0.18166471 0.64899812
0.11011484 0.17005482 0.64917086
0.11032674 0.18457880 0.64606523
0.11126414 0.17880751 0.64810225
0.11226579 0.18266473 0.64607752
0.11226695 0.18553442 0.64412059
0.11287361 0.15860828 0.64725120
0.11317562 0.18082392 0.64610818
0.11319881 0.17783576 0.64712408
0.11398785 0.17201946 0.64819603
0.11400901 0.17302241 0.64817619
0.11411586 0.18179247 0.64512634
0.11476627 0.15769193 0.64632794
0.11496225 0.16538143 0.64727979
0.11602751 0.17306710 0.64620664
0.11796287 0.17896054 0.64222871
0.12081096 0.17507852 0.64037505
0.12083413 0.17514934 0.63835633
0.12637746 0.14692667 0.63562523
0.12659299 0.16167127 0.62399024
0.12728835 0.14594853 0.63463524
0.12730308 0.14496489 0.63268258
0.12737979 0.14797106 0.63565288
0.12828668 0.14494565 0.63167456
0.12854976 0.15768088 0.62484710
0.12926326 0.14596482 0.63270856
0.12926794 0.14494233 0.62969712
0.12931082 0.15290659 0.63669604
0.12933717 0.15500031 0.63665282
0.12934633 0.14799444 0.63469796
0.13026040 0.14501218 0.62674759
0.13030927 0.14614722 0.62569428
0.13031300 0.14700873 0.63271424
0.13032369 0.15096444 0.63569817
0.13033704 0.14798885 0.63370971
0.13033777 0.15503158 0.63562296
0.13037331 0.15786522 0.62874420
0.13037411 0.15697696 0.63462322
0.13037459 0.15686062 0.62767219
0.13038955 0.15886124 0.63072084
0.13128595 0.14600516 0.62965176
0.13128687 0.14606643 0.62769977
0.13129335 0.14602595 0.62867660
0.13131570 0.14816385 0.62761287
0.13131575 0.14710870 0.62765355
0.13131580 0.15096770 0.63469462
0.13132879 0.14702987 0.63066059
0.13133529 0.15595853 0.63264731
0.13133584 0.15499308 0.63361526
0.13133765 0.15399574 0.63459122
0.13133858 0.15197038 0.63465120
0.13134467 0.15001900 0.63365934
0.13134521 0.15298538 0.63461333
0.13135223 0.14803380 0.63167857
0.13136018 0.15594399 0.63070568
0.13136148 0.14902693 0.63266435
0.13136601 0.15301171 0.63358714
0.13136685 0.15303494 0.63260850
0.13137142 0.15486959 0.62864989
0.13137282 0.15590775 0.62969585
