0.80867664 0.26816572 0.44762542
0.80868312 0.27002043 0.44569220
0.80869334 0.26906434 0.44566776
0.80869388 0.26721004 0.44762592
0.80869642 0.26722163 0.44658637
0.80962849 0.26816249 0.45056249
0.80963050 0.26908500 0.45057151
0.80963631 0.26720300 0.45057415
0.80964225 0.26433955 0.44862243
0.80964619 0.26529093 0.44961074
0.80974525 0.29414193 0.43027237
0.80974826 0.29513362 0.43130137
0.81056818 0.28360621 0.44754487
0.81056939 0.28163251 0.44959665
0.81057106 0.27875729 0.45152703
0.81057653 0.28456176 0.44659412
0.81059029 0.27091778 0.45349448
0.81061674 0.26812260 0.45353580
0.81065943 0.29693642 0.43314892
0.81066076 0.29694036 0.43411439
0.81069810 0.29700883 0.43116123
0.81149692 0.26355042 0.45353326
0.81151963 0.28839824 0.44662264
0.81152117 0.28744549 0.44760465
0.81153620 0.28459800 0.45053073
0.81153653 0.28936629 0.44566695
0.81153693 0.28562322 0.44951619
0.81156886 0.27383531 0.45451293
0.81157888 0.29226722 0.44276409
0.81161455 0.29703221 0.43692832
0.81162597 0.29797300 0.43506915
0.81241617 0.26638364 0.41515672
0.81247014 0.28928707 0.44858786
0.81248350 0.29410038 0.44366981
0.81268543 0.29804778 0.42345894
0.81268589 0.29994643 0.42912053
0.81270119 0.29896740 0.42438150
0.81270306 0.29987846 0.42630052
0.81342059 0.29025194 0.44959779
0.81342252 0.29690706 0.44159959
0.81342299 0.29501015 0.44464040
0.81360802 0.29995237 0.43505228
0.81436248 0.29686839 0.44364289
0.81437163 0.29215744 0.44957307
0.81440102 0.28454880 0.45631843
0.81441278 0.28654024 0.45530310
0.81448879 0.25584805 0.45735985
0.81466560 0.29910496 0.42158203
0.81468003 0.30289295 0.42721644
0.81470281 0.30291823 0.42630921
0.81470595 0.30093989 0.42337070
0.81472225 0.30193028 0.42434510
0.81527178 0.29684304 0.44554696
0.81527612 0.29399584 0.44951706
0.81527906 0.29304947 0.45050956
0.81530391 0.28940670 0.45427704
0.81531720 0.24908689 0.45539190
0.81533818 0.28350955 0.45825326
0.81534860 0.28649174 0.45721050
0.81542782 0.29993701 0.43964086
0.81543283 0.27305532 0.40918343
0.81543717 0.25185151 0.45733397
0.81544826 0.30091344 0.43686644
0.81544892 0.27020397 0.40919154
0.81550584 0.25884425 0.46045707
0.81572286 0.30292197 0.42534504
0.81601008 0.23323773 0.43522936
0.81621461 0.29302626 0.45244528
0.81622283 0.29122146 0.45433128
0.81631086 0.24630693 0.45453684
0.81632623 0.28549858 0.45925587
0.81632997 0.28748133 0.45823726
0.81633464 0.24721478 0.45547807
0.81645080 0.25189685 0.45837599
0.81672166 0.30195333 0.42337394
0.81732437 0.27373000 0.46415745
0.81732951 0.28456413 0.46125138
0.81735649 0.24717812 0.45649130
0.81830614 0.28556795 0.46222730
0.81831389 0.28744245 0.46129439
0.81835430 0.24808166 0.45743487
0.81840747 0.25192689 0.45939955
0.81858468 0.30289549 0.42434656
0.81922238 0.27559517 0.46508696
0.81922632 0.28743611 0.46220489
0.81923841 0.26995501 0.46606285
0.81936446 0.25193365 0.45940339
0.81945564 0.30383127 0.42615628
0.82010202 0.25716990 0.40063887
0.82018278 0.29511662 0.45645106
0.82021992 0.28359362 0.46414015
0.82022259 0.29708461 0.45452829
0.82028425 0.27599859 0.40052215
0.82037308 0.25195349 0.45940285
0.82044676 0.30293400 0.42433120
0.82117978 0.29422656 0.45840061
0.82194453 0.25539385 0.39784234
0.82209316 0.28353350 0.46508195
0.82216242 0.29327728 0.46033456
0.82407547 0.29238869 0.46315340
0.82503847 0.30096948 0.45648459
0.82506232 0.30003129 0.45743340
0.82511803 0.28084351 0.39471574
0.82584377 0.28445015 0.46606993
0.82599132 0.29237774 0.46415899
0.82599660 0.29907507 0.45933188
0.82605318 0.28087070 0.39379889
0.82690209 0.29049461 0.46505610
0.82699360 0.30191692 0.45744255
0.82702720 0.30293747 0.45552546
0.82773057 0.25443428 0.39022292
0.82777505 0.19125203 0.41163699
0.82778447 0.19222142 0.41061427
0.82782081 0.28755060 0.46607608
0.82790531 0.29148183 0.46510322
0.82797063 0.29807647 0.46225927
0.82803422 0.30198722 0.45838451
0.82873525 0.26973987 0.38817404
0.82879577 0.18926800 0.41059093
0.82879891 0.18832898 0.41365290
0.82880545 0.18830060 0.41160503
0.82880659 0.18830446 0.41263526
0.82881394 0.27334778 0.38809422
0.82886156 0.28858267 0.46609054
0.82900698 0.30006860 0.46129359
0.82908066 0.30202637 0.45935556
0.82968262 0.24599775 0.38834360
0.82970313 0.27064271 0.38722994
0.82970700 0.27157301 0.38720967
0.82971495 0.18833903 0.41655110
0.82973346 0.18638430 0.41259736
0.82974675 0.18637629 0.41361096
0.82974802 0.18735345 0.41061036
0.82987446 0.27606148 0.38900435
0.83065084 0.24215290 0.38750230
0.83071035 0.18540685 0.41362525
0.83071055 0.18540173 0.41263082
0.83071316 0.18736731 0.40958027
0.83071363 0.18640663 0.41061474
0.83160636 0.24123605 0.38652036
0.83167242 0.18640030 0.40957245
0.83182425 0.28960398 0.46615269
0.83190126 0.29723026 0.46418043
0.83260797 0.18444605 0.41935875
0.83262200 0.24126588 0.38551849
0.83351293 0.18441693 0.42023244
0.83351373 0.18630104 0.42303873
0.83357124 0.18351794 0.41744089
0.83357458 0.18348394 0.41362048
0.83378920 0.28961404 0.46618796
0.83463991 0.18342928 0.41054210
0.83495766 0.29172443 0.40548652
0.83540226 0.22098003 0.38363643
0.83554180 0.18249567 0.41552524
0.83554474 0.18248066 0.41456240
0.83554594 0.18343968 0.41929452
0.83555209 0.18246943 0.41357225
0.83558355 0.18245810 0.41253901
0.83560425 0.18245188 0.41149685
0.83576637 0.28449801 0.46624106
0.83576744 0.28552400 0.46624410
0.83579195 0.28959253 0.46619010
0.83635498 0.21807544 0.38366158
0.83637482 0.22097520 0.38266167
0.83661281 0.18241448 0.41046939
0.83665276 0.18339149 0.40753279
0.83677760 0.28858390 0.46621675
0.83678207 0.28553335 0.46621975
0.83678962 0.28654127 0.46622376
0.83682088 0.29170713 0.40547620
0.83750441 0.18245063 0.41649923
0.83753667 0.18627622 0.40375482
0.83776438 0.28858213 0.46620493
0.83779531 0.28552921 0.46618743
0.83846360 0.18628160 0.40283383
0.83846380 0.18532777 0.40377333
0.83847115 0.19197965 0.43173828
0.83847509 0.19009758 0.42984631
0.83946916 0.18145047 0.41247555
0.83947704 0.18146336 0.41145671
0.83948479 0.18148160 0.41047544
0.83976106 0.28854292 0.46614391
0.83979238 0.28651068 0.46610420
0.84016217 0.26112366 0.38533486
0.84035441 0.20915060 0.38275639
0.84048025 0.18145991 0.41352188
0.84074416 0.31173876 0.45636977
0.84126431 0.18345324 0.40285110
0.84136838 0.20822906 0.38271033
0.84237132 0.20729054 0.38269561
0.84264392 0.31172296 0.45731276
0.84337093 0.20823662 0.38175969
0.84414837 0.18148091 0.40572421
0.84446913 0.18910244 0.43173915
0.84448155 0.31272243 0.45727309
0.84511371 0.18147242 0.40480376
0.84629067 0.31455873 0.45250610
0.84723236 0.31457192 0.45438805
0.84798883 0.26695391 0.38926900
0.84818287 0.21804655 0.37977898
0.84818394 0.21608815 0.37975366
0.84893092 0.26601379 0.38930200
0.84930058 0.18814908 0.43268422
0.85004916 0.18625052 0.39606693
0.85019171 0.21803967 0.37976485
0.85020373 0.18524878 0.43074221
0.85113661 0.18528007 0.43075794
0.85115618 0.28789313 0.40072240
0.85118897 0.21705304 0.37977530
0.85120581 0.31458872 0.44479045
0.85202086 0.31254789 0.46023310
0.85215391 0.18817276 0.43271137
0.85216754 0.28789884 0.40070854
0.85274339 0.18055814 0.40007438
0.85277525 0.18051025 0.40203198
0.85280010 0.18049607 0.40405207
0.85294378 0.31350285 0.45927410
0.85297237 0.31249613 0.46025027
0.85307697 0.28789453 0.40068727
0.85382349 0.18242897 0.42220003
0.85389389 0.18150957 0.41848338
0.85393003 0.31454717 0.44474901
0.85394058 0.31246353 0.46025795
0.85408019 0.28404229 0.39880014
0.85474161 0.18154025 0.39808465
0.85474368 0.18056095 0.39907277
0.85485616 0.31454083 0.44570416
0.85485877 0.29728854 0.41575595
0.85495849 0.31348488 0.45928038
0.85497980 0.31454711 0.45632107
0.85498147 0.21125700 0.37978449
0.85584321 0.28689943 0.40064348
0.85584488 0.28786397 0.40159059
0.85586786 0.31354890 0.44472189
0.85591669 0.31455602 0.45536962
0.85593292 0.28497062 0.39971024
0.85594868 0.30970891 0.46019229
0.85595383 0.31349543 0.45828245
0.85596084 0.31156134 0.46023397
0.85687254 0.31354172 0.45730829
0.85753376 0.18049734 0.40499617
0.85755600 0.18146562 0.41843399
0.85770168 0.28973210 0.40439246
0.85783708 0.31355137 0.45539477
0.85784156 0.28586235 0.40063029
0.85786213 0.31252555 0.45734028
0.85850992 0.29445630 0.41194963
0.85852034 0.18050773 0.40205285
0.85867825 0.28878630 0.40349435
0.85868666 0.28782383 0.40253218
0.85873088 0.28682135 0.40155635
0.85882787 0.31352379 0.45245797
0.85940513 0.18151812 0.41848034
0.85942697 0.18047201 0.40399342
0.85955796 0.29249109 0.40901811
0.85958581 0.29062480 0.40622799
0.86055823 0.28783435 0.40344018
0.86070158 0.30396713 0.42829693
0.86074726 0.31254712 0.45247380
0.86082835 0.30572555 0.45732672
0.86144221 0.29445874 0.41294390
0.86150981 0.29063185 0.40717299
0.86175148 0.31153276 0.45247143
0.86240188 0.29343449 0.41192538
0.86246921 0.29151833 0.40900719
0.86262925 0.30296830 0.42730594
0.86269531 0.31056444 0.45245500
0.86270046 0.31057035 0.45344796
0.86273713 0.30766718 0.45537423
0.86275656 0.30666627 0.45536234
0.86340168 0.29149983 0.40990199
0.86343027 0.28677994 0.40528155
0.86347723 0.30209751 0.42640620
0.86431666 0.18051554 0.40392859
0.86434124 0.28680832 0.40621216
0.86436482 0.18150880 0.40092296
0.86444638 0.30211317 0.42737882
0.86457329 0.20151287 0.38279153
0.86522676 0.28877728 0.40901540
0.86527692 0.18051424 0.40490242
0.86537745 0.30119105 0.42649393
0.86624614 0.18147213 0.40194992
0.86653370 0.20158276 0.38277366
0.86722691 0.19013294 0.42988445
0.86722744 0.29735002 0.42081033
0.86725356 0.29643171 0.41988049
0.86730219 0.29926400 0.42565611
0.86740526 0.19866274 0.38371789
0.86811243 0.18343978 0.39988114
0.86821476 0.28678845 0.41108315
0.86823594 0.28761422 0.41198213
0.86832538 0.19493998 0.38554100
0.86834341 0.29631635 0.42182504
0.86839925 0.29530789 0.42373331
0.86905279 0.18442199 0.39890785
0.86917028 0.18054254 0.40687936
0.86930341 0.19591487 0.38463581
0.87016294 0.18340615 0.40096467
0.87019280 0.19406697 0.38645784
0.87023669 0.19500275 0.38555118
0.87042058 0.19875557 0.38372434
0.87101660 0.19217015 0.42995929
0.87116542 0.19316466 0.38738418
0.87117477 0.19410789 0.38646546
0.87117845 0.18245003 0.40297608
0.87118079 0.18151034 0.40488422
0.87217271 0.19603014 0.38558779
0.87220297 0.27705828 0.41415962
0.87221172 0.27800108 0.41513912
0.87224806 0.19792871 0.38562312
0.87301007 0.18631497 0.39802143
0.87309337 0.19229043 0.39017917
0.87310118 0.18436233 0.40105926
0.87318240 0.19702606 0.38654555
0.87318548 0.19608450 0.38655179
0.87405356 0.18739414 0.39700305
0.87506706 0.18637184 0.39906372
0.87580516 0.18542066 0.42418675
0.87604022 0.18841703 0.39703064
0.87608137 0.19138386 0.39607351
0.87674686 0.18349110 0.42130336
0.87687851 0.18156777 0.41463150
0.87693916 0.18155494 0.40872814
0.87701965 0.18841040 0.39907046
0.87789689 0.18158597 0.40968868
0.87790090 0.18253985 0.40774848
0.87790744 0.18160759 0.41258807
0.87886430 0.18255328 0.40972465
0.87888735 0.18357820 0.40872771
0.88068370 0.18351207 0.41935133
0.88170067 0.18459566 0.41929980
0.88263302 0.18835992 0.42506359
0.88356429 0.18650539 0.42317703
0.88357565 0.18746024 0.42312736
0.88359114 0.18652616 0.42221984
