3.382909354693900417e-01 9.176019044972607563e-01 5.978328595246216182e-01
3.382860259383537738e-01 9.175656340842990311e-01 5.988472287534177818e-01
3.383271724841814265e-01 9.184998477043401222e-01 5.998205850290676544e-01
3.382744033750842982e-01 9.195020599991416965e-01 5.978085456566326616e-01
3.383035933759392933e-01 9.204366743972265397e-01 6.007762402744506458e-01
3.382860927346943991e-01 9.223410380685671539e-01 5.987585900094027913e-01
3.382854247712881457e-01 9.222874674033825215e-01 6.007218680531783983e-01
3.382642169331383508e-01 9.232471304292032555e-01 5.997139780694232813e-01
3.392615196969037128e-01 9.023930456993811688e-01 5.987148384062905837e-01
3.392838296746739091e-01 9.051727754146684513e-01 6.006706352599158194e-01
3.392456221678339379e-01 9.185455364013305202e-01 5.968347218065983562e-01
3.392345673734598055e-01 9.241757999529720546e-01 5.986725563226722446e-01
3.391939551983572110e-01 9.250671303223291231e-01 6.006307578445601036e-01
3.401820066689454358e-01 8.996719631711663778e-01 5.958063253462700937e-01
3.403031084345062851e-01 9.108578787619666661e-01 5.957029914073166399e-01
3.402008432370028923e-01 9.108967542322128352e-01 6.045608541381647383e-01
3.402970299675090460e-01 9.117975696819392573e-01 5.957196904924739744e-01
3.401906901932272298e-01 9.223613441561184789e-01 5.967977166338898076e-01
3.401775981104638857e-01 9.260518419758858588e-01 5.986350835755792632e-01
3.412156466420131484e-01 9.090391479993127355e-01 6.065135115637803054e-01
3.411246032297354236e-01 9.137404748418229694e-01 6.064556659327953181e-01
3.411359920058127382e-01 9.185479410695931435e-01 5.958604971785204096e-01
3.411228665248790537e-01 9.232989643895316290e-01 5.967921057412769459e-01
3.410840244528031695e-01 9.269455102171649807e-01 5.986205219733220506e-01
3.420709737837709929e-01 9.156328151718503561e-01 6.074298905608733756e-01
3.420364066774953526e-01 9.214265293690117042e-01 5.958850782318719785e-01
3.420269215971259991e-01 9.260219172152839295e-01 5.977027402530757927e-01
3.429690839817018944e-01 9.223672890304344119e-01 5.958959660353946308e-01
3.439921367347799075e-01 9.229675877436697151e-01 6.075117828744848181e-01
3.450596090543763261e-01 8.978957148811527178e-01 5.938125213748268738e-01
3.468447412576937117e-01 9.324954177710295111e-01 6.075175941561196113e-01
3.478162272358058527e-01 9.344520829770828207e-01 6.075244073828637292e-01
3.488332349200569116e-01 8.843723281463716779e-01 5.966822925572824454e-01
3.487171428800431849e-01 9.212188595459953611e-01 5.939071717894985891e-01
3.499287283045472985e-01 8.989040724392922677e-01 5.908285952462358770e-01
3.507530285460828678e-01 8.815734278813237568e-01 5.966887718023234921e-01
3.507485197930904075e-01 9.404002971101197428e-01 6.074331635815641839e-01
3.507065382930049102e-01 9.413667733626847056e-01 6.044536460114547927e-01
3.507013281784358005e-01 9.413582902274247877e-01 6.054195210969540719e-01
3.518725352150295360e-01 8.970300343065973347e-01 5.907886510345395914e-01
3.518069412085315650e-01 9.042755669673360197e-01 5.898352000683972918e-01
3.517837294801628989e-01 9.051646930574522854e-01 5.898567752864205538e-01
3.516390152081895759e-01 9.241713245981498792e-01 5.938642217424738856e-01
3.515789986961341818e-01 9.315482456609063266e-01 6.122175850718172274e-01
3.517398108861991557e-01 9.413860107087859141e-01 6.074480591655244677e-01
3.526250961867292699e-01 8.554992759276645042e-01 6.061865434763999971e-01
3.526706846892087022e-01 8.843931686046480056e-01 5.947679094348473638e-01
3.527325047024610916e-01 9.087932706694563656e-01 5.898888375299226050e-01
3.525889259682785104e-01 9.335147299290321721e-01 6.122426336995532292e-01
3.526675786593694850e-01 9.423599013551607895e-01 6.045109572717146662e-01
3.545016725803680768e-01 8.536216307925755808e-01 6.131654251453466653e-01
3.545144306814282942e-01 9.355137440150445016e-01 6.122635409541701268e-01
3.554848479180903742e-01 8.515660402060503120e-01 6.121026953659348679e-01
3.556457603026663139e-01 8.834711787149420736e-01 5.937715752180211526e-01
3.556136980591642627e-01 9.042380942202430383e-01 5.889106051214069160e-01
3.555940599350192466e-01 9.433470844733208294e-01 6.025551604180895415e-01
3.556094564915343037e-01 9.433551668305369953e-01 6.035520958019814364e-01
3.564579036102073495e-01 8.505890101316658791e-01 6.120989547708596268e-01
3.564507230035897090e-01 8.506071119399764013e-01 6.130886093536229708e-01
3.564747362880459347e-01 8.564181931857014485e-01 6.042789735807091445e-01
3.565277391843352239e-01 8.583112014791350886e-01 6.032867139406613566e-01
3.566188493929535741e-01 8.825207335841281919e-01 5.937180713491770900e-01
3.566323088555903853e-01 9.005656982087860696e-01 5.888858236790334155e-01
3.564739347319583751e-01 9.424341788859404989e-01 6.016255557455518765e-01
3.574074135922524764e-01 8.505981612303321615e-01 6.101068875042727768e-01
3.573732472640205882e-01 8.516777904839231139e-01 6.160676593493480402e-01
3.575357293626013067e-01 8.573473970801952504e-01 6.032589934593001191e-01
3.583330772806929687e-01 8.496370954813581289e-01 6.130658318014683417e-01
3.583709842040000981e-01 8.496381642228081343e-01 6.150313809208254323e-01
3.583694144899953193e-01 8.496574015689094539e-01 6.160000614526311979e-01
3.583821057947148558e-01 8.506042396973293451e-01 6.090936538132672995e-01
3.586150246344891324e-01 8.969275687200720659e-01 5.888955759447653815e-01
3.584253898234426305e-01 9.375523015347093647e-01 5.976754873460990991e-01
3.592937756497935342e-01 8.496677550017069924e-01 6.100893200666872573e-01
3.593483816582579427e-01 8.507131177325550908e-01 6.180768932754765466e-01
3.593062999636614796e-01 9.307177667578625524e-01 5.937628916937393031e-01
3.593735972768454801e-01 9.344668449683618539e-01 5.956289142655587510e-01
3.593748330091471321e-01 9.365183609781088103e-01 5.966801550743823235e-01
3.593386627906963726e-01 9.394996152530745714e-01 5.986896561858733312e-01
3.602899094775978694e-01 8.486556568484922014e-01 6.150609049033836095e-01
3.603395057605150997e-01 8.486715543775619208e-01 6.170309961739034454e-01
3.603183981168762706e-01 8.536061340415496135e-01 6.219202879189443811e-01
3.603335274880288264e-01 8.546175642313580401e-01 6.228833575581372850e-01
3.603238420186375413e-01 9.384875838962004613e-01 5.976901157446968815e-01
3.613223471165342704e-01 8.516345064551953392e-01 6.210009030865231150e-01
3.613416512589761598e-01 8.545997296084100192e-01 6.238713422323849400e-01
3.612971314979467330e-01 9.385172414714398892e-01 5.976637979864889427e-01
3.623153749144993885e-01 8.476340068185673760e-01 6.140509442330689405e-01
3.623205850290684427e-01 8.476587214646001955e-01 6.150182888380620883e-01
3.623149407382852960e-01 8.516179409627192554e-01 6.219515486063589282e-01
3.623739553052312545e-01 8.536218311815975124e-01 6.238983279539991322e-01
3.622782695472798187e-01 9.385280624786218606e-01 5.976635975974671222e-01
3.633075343600363216e-01 8.476340068185673760e-01 6.110970096614205538e-01
3.632958116022558803e-01 8.476716131583417191e-01 6.170482296297857827e-01
3.632773424140718910e-01 8.496497199897370400e-01 6.080116198914137238e-01
3.633206264427996657e-01 8.496840533088204639e-01 6.200539313654218621e-01
3.642982242860793862e-01 8.476314685576235020e-01 6.100992727214410438e-01
3.643133202590616015e-01 8.486293390902842626e-01 6.090544443613179482e-01
3.643314888637128046e-01 8.516381134575893297e-01 6.229510222511948081e-01
3.643196659114213976e-01 8.526428640133348891e-01 6.239282527146010615e-01
3.653075169929877464e-01 8.466694676598807145e-01 6.121143847255450243e-01
3.652969965693386167e-01 8.466655934721242227e-01 6.130658985978090225e-01
3.653386106895507024e-01 8.486297398683280147e-01 6.090580513637119386e-01
3.653202416958776233e-01 8.496623444981159512e-01 6.080078124999978018e-01
3.652594236277346695e-01 8.496522582506809140e-01 6.210019718279731205e-01
3.653601191112332836e-01 8.739997915954140772e-01 6.362833046554354777e-01
3.653333671768112523e-01 8.758610048307081675e-01 6.363070841526995425e-01
3.653389112730834887e-01 8.768118507395659122e-01 6.363083532831714795e-01
3.651371529262127935e-01 9.335802571391895732e-01 5.937019066347447582e-01
3.663112990017941550e-01 8.476591222426440586e-01 6.100929270690812478e-01
3.662515162769309773e-01 8.496766389150106624e-01 6.210220775265025139e-01
3.662871855228270190e-01 8.526373867134032780e-01 6.060552218707229155e-01
3.663088943335315317e-01 8.555196488115563991e-01 6.041318212423029133e-01
3.663801660289829343e-01 8.729640475376165831e-01 6.362744875384723775e-01
3.663058217018625995e-01 8.768147229822129685e-01 6.372832458746556794e-01
3.663125681322661475e-01 8.786959751196958823e-01 6.372730928308800724e-01
3.673199905416368316e-01 8.476700768425071697e-01 6.111509143083083684e-01
3.673615378655082364e-01 8.476422895648054734e-01 6.140297697930894305e-01
3.673245994891402577e-01 8.476615269109066819e-01 6.170315973409690180e-01
3.672954094882852627e-01 8.486891886114881212e-01 6.190827793690127923e-01
3.681059830818215195e-01 9.154162614355302319e-01 5.869132609439103865e-01
3.678048651782647727e-01 9.326682867005781086e-01 5.927542001538966820e-01
3.692122640753235929e-01 8.555366818784169158e-01 6.050902151376517102e-01
3.690656461076423089e-01 9.126564370297505224e-01 5.869699042407640066e-01
3.702726893809836217e-01 8.506023693997917245e-01 6.091020033558459668e-01
3.701738307968522879e-01 8.526122044929860255e-01 6.070444088791018267e-01
3.711783809635759712e-01 8.536082047281091656e-01 6.070784082164820683e-01
3.711818209751183706e-01 8.805984684934988760e-01 6.411597047067350008e-01
3.710911449427141129e-01 8.834367785995180800e-01 6.420773528343000081e-01
3.708949974884562795e-01 9.182137589774248543e-01 5.878590971272208421e-01
3.722180994036409230e-01 8.515401232258861253e-01 6.101716131583425629e-01
3.722194019322832004e-01 8.525969749273225595e-01 6.091290558738008398e-01
3.722254470011101546e-01 8.536328525778013043e-01 6.081162897571797954e-01
3.722687978261785546e-01 8.911741995126507554e-01 5.879711813867968262e-01
3.733209737837708819e-01 8.893019648811527622e-01 5.889898923777339146e-01
3.738341700688256330e-01 8.870610144493812355e-01 6.429708874828978793e-01
3.737415569425431294e-01 8.899239724050925782e-01 6.419558502906953512e-01
3.741194238414829454e-01 8.929022876410707132e-01 5.880046463534520651e-01
3.749536767377722457e-01 8.955849622734236570e-01 5.880274239056066943e-01
3.746977131604808942e-01 9.040920774196273824e-01 5.879263610422345021e-01
3.747774345930219297e-01 9.078530453787587717e-01 5.879401878847447804e-01
3.757629478026662251e-01 8.879156736277328266e-01 6.438895375555722111e-01
3.755516375790854955e-01 9.181016747178489812e-01 5.888168230591633856e-01
3.767030395006826238e-01 8.898788180788271829e-01 6.438709013765366862e-01
3.768363983947489726e-01 8.954794240552294005e-01 5.889570285781442482e-01
3.775979100760930574e-01 9.161918337465767559e-01 5.888559657147721671e-01
3.786110769707578538e-01 9.069751410738681185e-01 5.889047270434315529e-01
3.786330863649952083e-01 9.106733204728079123e-01 5.888919689423713910e-01
3.795163343771361109e-01 9.180401552881294336e-01 5.897967253761948747e-01
3.819067416210656374e-01 8.807727401462006611e-01 5.966311933567010062e-01
3.814765063910725007e-01 9.097067106275616988e-01 5.898204380771182587e-01
3.837869584152688307e-01 8.816939952761596588e-01 5.975783654668240796e-01
3.855751632502550930e-01 8.871984145220556117e-01 5.957150815449705483e-01
3.865135182434151773e-01 8.862907190492443910e-01 5.966450869955518543e-01
3.875497298755971043e-01 8.834905496537246439e-01 6.014768670913110959e-01
3.875204062820608586e-01 8.853515624999968026e-01 5.995310228924397578e-01
3.874204121601388384e-01 8.881255477299899725e-01 5.975932610507844744e-01
3.884617671105492498e-01 8.853674600290666330e-01 6.014757315535204096e-01
3.884126718001866818e-01 8.880724446391896620e-01 5.995452505129937881e-01
3.878833441988699948e-01 9.462413699127872890e-01 6.101147694724670112e-01
3.878853146909185812e-01 9.462614756113166825e-01 6.110374941219198774e-01
3.888878943655936782e-01 9.443154978197640936e-01 6.024607103924397578e-01
3.889032241257681100e-01 9.453044844391210733e-01 6.034535711995532292e-01
3.888783090907133588e-01 9.462534600504411975e-01 6.101146358797857605e-01
3.888411369271531637e-01 9.462711610807079676e-01 6.129435944981168616e-01
3.898473904005628765e-01 9.423687184721238896e-01 6.014478106831373516e-01
3.898980888231005082e-01 9.453218514876846612e-01 6.044202478411401236e-01
3.898651916253406124e-01 9.462625443527667990e-01 6.100859802496557682e-01
3.898642230784014617e-01 9.462805793647366404e-01 6.139102711397036449e-01
3.907491076008877684e-01 9.383425690406943520e-01 6.304698855377884881e-01
3.907935939637469103e-01 9.413668401590253865e-01 6.013748690791702600e-01
3.917967748054876354e-01 9.393928747007490587e-01 6.304899244399772007e-01
3.917652135345403019e-01 9.413537480762620424e-01 6.276267660952440375e-01
3.917841502971087242e-01 9.433288490723290565e-01 6.237833714517762029e-01
3.917853192330697509e-01 9.453229202291347777e-01 6.188427133207912156e-01
3.928088729587024264e-01 9.424648384062893625e-01 6.033759538517420307e-01
3.927716339988016059e-01 9.433422083404549019e-01 6.237746879274943534e-01
3.928115782104978915e-01 9.453327392912073135e-01 6.188320927026311757e-01
3.928418035546326625e-01 9.462823828659336911e-01 6.110704915141906834e-01
3.928354245041025816e-01 9.462794438269459540e-01 6.138542290099157084e-01
3.938651234930731215e-01 9.414124620596751036e-01 6.033240530950730873e-01
3.937152659028713697e-01 9.413911540270144540e-01 6.276206208319060620e-01
3.938078122328132480e-01 9.433499567159678856e-01 6.237719492775285479e-01
3.938196017869343146e-01 9.443341339987996186e-01 6.208609647529047537e-01
3.947487388850874912e-01 9.374940551256806254e-01 6.315248669416871907e-01
3.947416250748104760e-01 9.394404336952770773e-01 6.295748813696967483e-01
3.948313993566162083e-01 9.423676497306737732e-01 6.247667471785203208e-01
3.948356409242461673e-01 9.433468172879583280e-01 6.227757486533835873e-01
3.948316999401490501e-01 9.443407468365219160e-01 6.198604891629594382e-01
3.947469687820608364e-01 9.453521102299897727e-01 6.119986934635750497e-01
3.947420592510245685e-01 9.453404876667202972e-01 6.138638476829663126e-01
3.962075709644308774e-01 8.662354517570078904e-01 6.467605778684997198e-01
3.958407588598651938e-01 9.393943442202429273e-01 6.032727535054698276e-01
3.957865536294445374e-01 9.404421116193536490e-01 6.276310410610442814e-01
3.958666424418590402e-01 9.423633079685328484e-01 6.237705465543753602e-01
3.967621809806757271e-01 9.384978705326574300e-01 6.295542413004423521e-01
3.968487824363015615e-01 9.414011734781088103e-01 6.052987533130963493e-01
3.968072351124301567e-01 9.433683925059815900e-01 6.091405448443890647e-01
3.977344351167051428e-01 9.385291312200718661e-01 6.286002559635750497e-01
3.978548355206893983e-01 9.413920891757832088e-01 6.063137905052987664e-01
3.987703461653542281e-01 9.354972453189090986e-01 6.052033681386776998e-01
3.987878468065991222e-01 9.374911160866929993e-01 6.052322241578296236e-01
3.988088876538973260e-01 9.394470465329993747e-01 6.062658975290675656e-01
3.997455727385416657e-01 9.334722474563920125e-01 6.061677069083425407e-01
4.007142866685177163e-01 9.335032409584439472e-01 6.071564931386776998e-01
4.007190292087023931e-01 9.345225531164467192e-01 6.071482771887802832e-01
4.007215006733056972e-01 9.355304431002018362e-01 6.071625048093343135e-01
4.007314199298891433e-01 9.365369303608037654e-01 6.071870190663453126e-01
4.015891183417393262e-01 9.289685709858037654e-01 6.371662854822138788e-01
4.015675765218864046e-01 9.299606970331704137e-01 6.361960018382329940e-01
4.015755920827618897e-01 9.308567699427121589e-01 6.352944516287597487e-01
4.016765881497933455e-01 9.315177865295793946e-01 6.090607232173370633e-01
4.026624353411408230e-01 9.296631193356670320e-01 6.110092392698336372e-01
4.045449900072660143e-01 9.308118828018092650e-01 6.313700330241085457e-01
4.046066096314964722e-01 9.384808374657969132e-01 6.159973228026653924e-01
4.045967571712537070e-01 9.385122317458927110e-01 6.169640662405928566e-01
4.045761171019992553e-01 9.385358108541348443e-01 6.178971443228431504e-01
4.045805256604807498e-01 9.385401526162756580e-01 6.207483461226037669e-01
4.055195486170470875e-01 9.288805334088544585e-01 6.322970326393616558e-01
4.055653375085485068e-01 9.326907302710294445e-01 6.158889791381646495e-01
4.054986413624301345e-01 9.376070745340253643e-01 6.216909092852235252e-01
4.065136785546326070e-01 9.317608584131293892e-01 6.197522122947993761e-01
4.065091698016401467e-01 9.327472399752018140e-01 6.187939519921318299e-01
4.064971464603268636e-01 9.355781356874111054e-01 6.168757614782809373e-01
4.064823510708774901e-01 9.365604426727052179e-01 6.178573337038281155e-01
4.064979146182440828e-01 9.366280405694220601e-01 6.216868347084451019e-01
4.072877145498446372e-01 8.962710942843674644e-01 6.563847282190469201e-01
4.072650705903713142e-01 8.991111410952430383e-01 6.554179847811194559e-01
4.072278984268111190e-01 9.009994068484920016e-01 6.554350178479798616e-01
