0.0100000
0.0909091
0.1000000
0.1111111
0.1250000
0.1428571
0.1476190
0.1507937
0.1555556
0.1619048
0.1666667
0.1730159
0.1793651
0.1857143
0.1920635
0.2000000
0.2046875
0.2078125
0.2125000
0.2171875
0.2218750
0.2265625
0.2328125
0.2375000
0.2437500
0.2500000
0.2564103
0.2628205
0.2708333
0.2772436
0.2852564
0.2948718
0.3028846
0.3125000
0.3221154
0.3333333
0.3444444
0.3571429
0.3698413
0.3841270
0.4000000
0.4174603
0.4349206
0.4539683
0.4761905
0.5000000
0.5270701
0.5557325
0.5875796
0.6257962
0.6671975
0.7149682
0.7691083
0.8328025
0.9092357
0.9171975
0.9251592
0.9347134
0.9426752
0.9522293
0.9617834
0.9713376
0.9808917
0.9904459
1.0000000
