5.237320050658326176e-01 3.117286692565823247e-01 5.002373273982539947e-01
5.237800316347450691e-01 3.136298934999133814e-01 4.992596961568039338e-01
5.246255063162600374e-01 3.098865931728785328e-01 5.038665061773237586e-01
5.255877076030247563e-01 3.241356553522560247e-01 5.029310234268107305e-01
5.266174399901657477e-01 3.155600739569072166e-01 4.893215028107882891e-01
5.265291018296834880e-01 3.277718143489215530e-01 5.019280095759215410e-01
5.275570307156274286e-01 3.040125229779400695e-01 4.884878510815646169e-01
5.275528893425083243e-01 3.049894528578135366e-01 4.874639967723990996e-01
5.275679185191499698e-01 3.099264705882341930e-01 4.845203822353778556e-01
5.275607379125323293e-01 3.127794090928511239e-01 4.845401873503744627e-01
5.285448483990233814e-01 3.099267711717670348e-01 4.825636836311542055e-01
5.285250766821971702e-01 3.127858883378921706e-01 4.826208279005625434e-01
5.285135543134386049e-01 3.147239841612505806e-01 5.142665962187908946e-01
5.284930478368654594e-01 3.157146072909530199e-01 5.142735430382163742e-01
5.284946509490404676e-01 3.203759565235966833e-01 5.142800890795979907e-01
5.294703116984420532e-01 3.001456160225707270e-01 4.874864403428504911e-01
5.294576203937224612e-01 3.010995011649271191e-01 4.865192627287089344e-01
5.294931226487669118e-01 3.069744397122937118e-01 4.816126039351042998e-01
5.295209433246390596e-01 3.174851778920132483e-01 4.815780368288286595e-01
5.294858084494680206e-01 3.203795969241609587e-01 5.142934817458941765e-01
5.294983995596765913e-01 3.221431873076253671e-01 4.844377217638491384e-01
5.294655357600870360e-01 3.221662320451424977e-01 5.133477791552649716e-01
5.294876119506649603e-01 3.251067739504947540e-01 4.865272114932437941e-01
5.295346699726383166e-01 3.261033085563428968e-01 4.875433508250666681e-01
5.305551510666021153e-01 3.175298646438942107e-01 4.805687441219202993e-01
5.304955353325904177e-01 3.211994552090446930e-01 4.815081678565304446e-01
5.304834117967662799e-01 3.260329052133196237e-01 4.844991076008874353e-01
5.305116332506820687e-01 3.299808361298722792e-01 4.894977115573682647e-01
5.313903057134898855e-01 2.981758587337540733e-01 4.855349184550256103e-01
5.313622178522552364e-01 3.001815190556589852e-01 4.835563106510755715e-01
5.314442771567183810e-01 3.050125977898415774e-01 4.796395736255967823e-01
5.314956101444919812e-01 3.069524971143969827e-01 4.786653489975187803e-01
5.314860582677819467e-01 3.211914062499988676e-01 4.805172775414654485e-01
5.314965452932607359e-01 3.250589811687744635e-01 4.825214349457062069e-01
5.323834337059659694e-01 2.991553268745714145e-01 4.825732355078641844e-01
5.324174330433462110e-01 3.030917020241952198e-01 4.796103836247417873e-01
5.324571768660206761e-01 3.050165053757684097e-01 4.786383632759045881e-01
5.324992585606170836e-01 3.099233979565652608e-01 4.776638380642937998e-01
5.325088438354974585e-01 3.127749003398586636e-01 4.776865488201077481e-01
5.325223700944747840e-01 3.270443354031281058e-01 4.825279809870878789e-01
5.325239398084796738e-01 3.290356345117977366e-01 4.845562184721254884e-01
5.323978951137121607e-01 3.385036484161239589e-01 5.006383726273921919e-01
5.324155293476383610e-01 3.394340880429194685e-01 4.959943236469715466e-01
5.323856379852066611e-01 3.394034285225706049e-01 4.969348829193723782e-01
5.324157631348305220e-01 3.393663565535213755e-01 4.987831710627547155e-01
5.334413875470227495e-01 2.963394603390037130e-01 5.170699384404906507e-01
5.334425564829837763e-01 2.991304118395167189e-01 5.171383712914653374e-01
5.334968619079153429e-01 3.250418813055733769e-01 4.805528465928505244e-01
5.334579530394987223e-01 3.385308345267600827e-01 5.016801617540166403e-01
5.334309339197141897e-01 3.394888276440651276e-01 5.006997918626008293e-01
5.333912902915507459e-01 3.403721758507169959e-01 4.969038226209797626e-01
5.334013765389857831e-01 3.403838652103270968e-01 4.978567726145672889e-01
5.334215824320260868e-01 3.404023677966814265e-01 4.988279246109763032e-01
5.343693223110446144e-01 2.971590514385249460e-01 4.816121029625495820e-01
5.344018187307607581e-01 2.981720513423382068e-01 4.806087217317869253e-01
5.344445683887635301e-01 3.137419443613189696e-01 4.767454885751521987e-01
5.344363524388661135e-01 3.193649271118319533e-01 4.776628361191843086e-01
5.344573932861642618e-01 3.221656308780768141e-01 4.786085387098136246e-01
5.344149108135241022e-01 3.394820812136615795e-01 5.016701089047519435e-01
5.343808780779734091e-01 3.404118862752210650e-01 4.997668473730317307e-01
5.354065692865063175e-01 2.913326070344551821e-01 4.864828253248956735e-01
5.353628176833941099e-01 2.982190091698005974e-01 4.795905451115748952e-01
5.354564661529563896e-01 3.212441753590959959e-01 4.776318760153026588e-01
5.354139502821457786e-01 3.365764403962881457e-01 5.046730385922519879e-01
5.354000566432949304e-01 3.384991396631314986e-01 5.027167073679017495e-01
5.353768449149262088e-01 3.394690225290685759e-01 5.016895800380454240e-01
5.363914479309146444e-01 3.021465672024613025e-01 4.766710440535208426e-01
5.363745150585651489e-01 3.050287625042738537e-01 4.757389011200393591e-01
5.364440166509898411e-01 3.184846181386787323e-01 4.766992321092664020e-01
5.364065439038968597e-01 3.346680689445097334e-01 5.065815436367115954e-01
5.364181998653366756e-01 3.356588924632341042e-01 5.056143994207403791e-01
5.363817958596936997e-01 3.375344001154228502e-01 5.037282043540508569e-01
5.373278324320260868e-01 2.973018286166200230e-01 4.786074365701932232e-01
5.373412918946629535e-01 2.992911238350707270e-01 4.776042891266227830e-01
5.373400895605315863e-01 3.059690879894824689e-01 4.747963713555899412e-01
5.373646372157128148e-01 3.089004453979982134e-01 4.748005795250496153e-01
5.373888508891909721e-01 3.193683671233743526e-01 5.143591759469030578e-01
5.374057837615404676e-01 3.203537467403374528e-01 4.767123909883703714e-01
5.374459617604290251e-01 3.336602457570952418e-01 5.076252698572143451e-01
5.374049154091122826e-01 3.356550182754776124e-01 5.056331023961164739e-01
5.373614643895329168e-01 3.365684916317532305e-01 5.047173913624297681e-01
5.373287675807949526e-01 3.375396436281622448e-01 5.037410626496220400e-01
5.383030924033838094e-01 2.826690214603272966e-01 4.961392383079667456e-01
5.384301056450904177e-01 2.884027859417739315e-01 4.855504152060516332e-01
5.383248012140883221e-01 2.903445889620372422e-01 4.836602457570947089e-01
5.382815839817012282e-01 2.923163835392431631e-01 4.817122640753231932e-01
5.382998527808633416e-01 3.040686653022389718e-01 4.748061236213218517e-01
5.392026721208086348e-01 2.808184956395338716e-01 4.980106379852068388e-01
5.391605904262121163e-01 2.808504910866952975e-01 4.989680299354462556e-01
5.391258897272552808e-01 2.808933409392089797e-01 4.999482662341808159e-01
5.391044147037429290e-01 2.808898675294962399e-01 5.026742582934318193e-01
5.392421487581204875e-01 2.817378804719551932e-01 4.951566975354804168e-01
5.392813582100698389e-01 2.923239315257342708e-01 4.807353007972793857e-01
5.392673309785377400e-01 2.953094607665003313e-01 4.786603392719716021e-01
5.393392038410548261e-01 3.001216695344551266e-01 5.201302795827614789e-01
5.392784525692525532e-01 3.012317245212027261e-01 4.757118152039141457e-01
5.393655549974331054e-01 3.011450896674066069e-01 5.201811449961506462e-01
5.392840968600356444e-01 3.030803132481179052e-01 4.747904932776145781e-01
5.393717002607709698e-01 3.069471868053169628e-01 4.738240504232199002e-01
5.393411743331033570e-01 3.079502006562061522e-01 4.738334353090783435e-01
5.394408678714925909e-01 3.222649236384222404e-01 4.767044088256651713e-01
5.393467518275459893e-01 3.336657898533674782e-01 5.076226647999297903e-01
5.400631425807949082e-01 2.799012482900126719e-01 5.035751739376691516e-01
5.402246895306068719e-01 2.807813568741440169e-01 4.951493165398409002e-01
5.402758889256991104e-01 2.855659787534189364e-01 4.874805956630454684e-01
5.401824742433291027e-01 2.943645931301289154e-01 4.787212241364551812e-01
5.402930889834112183e-01 3.108443525029913612e-01 4.738338360871220956e-01
5.403431528407128814e-01 3.204534402787266312e-01 4.757658868416535514e-01
5.411790088491772455e-01 2.874585528706384840e-01 4.836834908836337155e-01
5.412287721229460669e-01 3.050768892676972710e-01 4.738328675401830004e-01
5.421288528129255546e-01 2.779285519622082812e-01 4.979507216676623549e-01
5.421248784306581525e-01 2.788942934550263653e-01 4.960410810854120611e-01
5.419685415954152985e-01 2.800480833458010022e-01 5.075349612046835546e-01
5.421311906848476081e-01 2.874608907425605375e-01 4.827513479501521765e-01
5.421304559251006738e-01 2.884300054505803401e-01 4.817803629445946978e-01
5.421242772635924689e-01 2.894241687863362000e-01 4.807850306728779222e-01
5.430271300017079916e-01 2.770457214271963564e-01 4.988479969113354118e-01
5.429653433866259427e-01 2.770546888359258220e-01 5.016582525542903070e-01
5.429495794502374739e-01 2.790384065599340047e-01 5.075199320280419091e-01
5.430425599563933892e-01 2.865159229116781558e-01 4.836859957464073045e-01
5.431578504403195007e-01 2.943890405907992336e-01 4.777391843365235702e-01
5.431168374871732096e-01 2.964002116108060414e-01 4.767158977962533961e-01
5.439694927753058185e-01 2.760865593739302848e-01 5.007030314851212971e-01
5.437905787769303778e-01 2.839015809357889886e-01 5.151193850996048651e-01
5.440264366556922804e-01 2.945090402167397370e-01 5.220706130835309766e-01
5.441637365338557464e-01 3.050961266137984795e-01 4.738289933524265085e-01
5.440958380536061734e-01 3.118234198657649503e-01 4.738215455604463111e-01
5.440463419651998533e-01 3.326146492390548715e-01 5.067675714453641067e-01
5.447382518596082246e-01 2.809530902659018725e-01 5.131163632331547930e-01
5.449001661892934889e-01 2.917877572995030699e-01 5.220377158857710809e-01
5.449966201051622550e-01 3.118114967189626330e-01 4.738073847362329061e-01
5.448847362346082024e-01 3.478828899837538846e-01 4.873900198251521765e-01
5.458197180125664572e-01 2.889443372734257776e-01 5.210744124593859050e-01
5.458463697524775782e-01 2.908390822717157875e-01 5.220509749593859050e-01
5.459871096421834435e-01 3.194877321840788875e-01 4.747814089752889766e-01
5.458618331053332051e-01 3.488540753783332393e-01 4.874029115188935890e-01
5.466931135644644835e-01 2.880096226808300242e-01 5.210724753655077146e-01
5.469142428501176934e-01 3.107579180382170625e-01 4.737951276077274620e-01
5.468908641308974916e-01 3.117778647614558030e-01 4.737883811773238585e-01
5.468286433396013502e-01 3.393989865659187699e-01 4.999978291189277613e-01
5.477636919139001748e-01 3.194719682476903633e-01 4.747629397871049872e-01
5.487819353304529413e-01 2.732721957560267367e-01 5.034975565898579530e-01
5.488000705369336929e-01 2.741392122573946821e-01 4.977741121430385718e-01
5.485934360571971258e-01 2.829747483113874695e-01 5.180667736298716353e-01
5.488365413389173497e-01 2.974940350867807393e-01 5.221035436794612128e-01
5.489280189274091670e-01 3.097227083511445711e-01 4.738245179976043331e-01
5.497312783216464771e-01 2.723236543209207050e-01 5.015610972768449471e-01
5.497409637910376512e-01 2.723044002757343263e-01 5.025468442736814589e-01
5.497598671554357885e-01 2.797665534691337608e-01 4.903696709879428184e-01
5.496341564423714576e-01 3.194472536016575437e-01 4.747710889406617785e-01
5.496776074619508234e-01 3.413561861426971378e-01 4.970450968814106862e-01
5.506672286465438271e-01 2.723062371751016064e-01 5.015729202291363542e-01
5.507127503526827450e-01 2.722864821573605099e-01 5.045129277637635523e-01
5.506828923884213856e-01 2.731917562628239371e-01 5.063402084580179707e-01
5.505556787576929567e-01 2.779990721988276903e-01 5.150203929227922250e-01
5.504796645220568774e-01 2.870668257310181049e-01 5.210988933182265637e-01
5.508738297281101648e-01 2.915240787448690196e-01 4.777874446926282381e-01
5.504569203680725886e-01 2.919082578979982912e-01 5.221312641608223393e-01
5.508931338705520542e-01 2.924908889791371092e-01 4.768352294587876461e-01
5.509110686880109853e-01 2.935062601530427084e-01 4.758564960777171837e-01
5.507491877564959504e-01 3.136869375748107536e-01 4.738250523683293358e-01
5.506792519878571657e-01 3.507273453531108975e-01 4.844601987324709258e-01
5.516047152872757264e-01 2.722889202237934736e-01 5.016009412940303225e-01
5.516390820045294907e-01 2.722634040216730944e-01 5.054505479971767024e-01
5.516241864205692069e-01 2.731711662908249405e-01 5.072875809571629757e-01
5.513760380151313534e-01 2.918942974628067621e-01 5.221182388743996761e-01
5.519442744848646054e-01 2.944999893125844204e-01 4.748940944019305888e-01
5.514335162662429290e-01 2.966241463427656821e-01 5.221389457399947531e-01
5.514986426983564671e-01 2.993941905886617350e-01 5.212092408729461779e-01
5.516761205754083797e-01 3.136520030886616461e-01 4.738331013273751613e-01
5.525377265731854504e-01 2.722487255258198013e-01 5.063298216270502028e-01
5.524582055296662908e-01 2.751303697578221796e-01 5.121057679976042110e-01
5.524212337551279717e-01 2.770654430467671125e-01 5.150077350162429735e-01
5.523086485229973253e-01 2.890082613714080040e-01 5.220610278086507128e-01
5.523168978710650823e-01 2.899580051406453474e-01 5.220765913560172500e-01
5.528802248097620664e-01 2.945444756754435622e-01 4.748759925936200665e-01
5.527327050914823126e-01 3.115210328317362110e-01 4.738791908024093669e-01
5.526838101701416761e-01 3.125630891437232162e-01 4.738484644857199335e-01
5.535261454236470868e-01 2.722805539821296916e-01 5.015793660760070605e-01
5.532568225782299454e-01 2.899638164222800851e-01 5.220604600397552586e-01
5.537193538389173497e-01 2.915425145348826685e-01 4.777412216249127819e-01
5.538274303180554803e-01 2.935782666082411008e-01 4.758175204129599933e-01
5.533913838064276058e-01 3.003633720930221629e-01 5.202151443335309988e-01
5.544644336204666013e-01 2.722613667332838827e-01 5.025769026269646389e-01
5.544093600376177600e-01 2.722592960467243861e-01 5.072657385537772123e-01
5.545713411636437051e-01 2.759961505268885285e-01 4.940598682241774120e-01
5.545867711183291027e-01 2.787715551791200563e-01 4.903769183909011398e-01
5.553295130279563008e-01 2.722548540900725511e-01 5.072832391950221620e-01
5.556774885644645279e-01 2.935982721122595285e-01 4.766950573379770684e-01
5.551991933673885438e-01 2.966020033558470770e-01 5.211747405630111629e-01
5.553040970203468873e-01 3.489137913068557917e-01 4.844507470502718571e-01
5.563836928757674993e-01 3.174895196541541176e-01 4.747445373952616232e-01
5.572528802582059626e-01 2.722785834900811053e-01 5.072705478903025700e-01
5.570076040954152763e-01 2.975668764962369761e-01 5.201893943442184032e-01
5.582812767185342251e-01 2.723141024442107261e-01 5.024630482643620555e-01
5.582471771866429622e-01 2.722902895487763764e-01 5.053796436815987114e-01
5.582523205048715020e-01 2.722916755728444493e-01 5.063246449106514335e-01
5.581782433631136131e-01 2.751736871847202948e-01 5.149868611597964163e-01
5.581432420806238248e-01 2.761695371280770139e-01 5.169899498225870582e-01
5.581927715672004853e-01 2.800959262247766923e-01 5.190046610486472867e-01
5.592971488649945977e-01 3.442093250363360002e-01 4.913062892762465328e-01
5.600982707763317858e-01 3.289534082164831119e-01 4.767452213897896973e-01
5.601871433075390483e-01 3.451417017570097001e-01 4.884695154860618782e-01
5.610934694553673108e-01 2.791549995725023936e-01 5.189915355677136022e-01
5.611362191133700827e-01 3.451346881412436507e-01 4.874636627906959174e-01
5.619640929591293022e-01 3.289425538111308556e-01 4.766960258849162191e-01
5.620769119784521095e-01 3.441341457549577099e-01 4.854276101338046989e-01
5.629855426000321961e-01 2.761588497135762932e-01 5.169578207827444372e-01
5.629260938568720896e-01 3.173183874294619455e-01 4.757022633272041667e-01
5.629198150008529744e-01 3.183207667151151665e-01 4.756969196199538619e-01
5.639504825367627205e-01 2.761551258175862222e-01 5.169440273384043882e-01
5.639468755343687301e-01 2.791824194703307338e-01 5.190132777765884553e-01
5.639697198828639291e-01 2.811695438077110309e-01 5.199999265240234925e-01
5.641072535482195560e-01 3.385149369976903078e-01 4.971291266779223061e-01
5.641081219006477410e-01 3.432444518959461011e-01 4.874416533964585629e-01
5.649491546255109853e-01 2.811695772058813714e-01 5.200127180232539947e-01
5.649451468450732428e-01 2.878511149645167633e-01 5.200304858498613347e-01
5.649033323358393366e-01 2.965483658943217637e-01 5.171774137525630977e-01
5.658529091142250333e-01 2.907290353005290706e-01 5.190929992091294354e-01
5.658532430959282156e-01 2.935351161721945767e-01 5.181766870083770460e-01
5.668762290526655478e-01 2.821047593728615022e-01 5.199920779539994875e-01
5.667862543818379395e-01 2.925856395883197347e-01 5.181846357729119612e-01
5.677930088278023701e-01 2.830259143083095341e-01 5.200127514214242241e-01
5.677851936559487056e-01 3.404759105677142572e-01 4.874822655715611575e-01
5.678144504531443815e-01 3.404679284050090571e-01 4.904670934507506241e-01
5.678059673178844635e-01 3.404517302924064404e-01 4.914055486384216187e-01
5.686527445280417092e-01 3.279321923627724344e-01 4.776640050551453354e-01
5.697282992048543493e-01 2.801469920271877911e-01 5.190045608541362654e-01
5.697038517441840311e-01 2.839860449085147009e-01 5.190526208212190573e-01
5.696052603454151431e-01 3.260166737025467221e-01 4.776888866920297461e-01
5.696013861576586512e-01 3.269825821862163417e-01 4.776773977214415212e-01
5.705677288175423634e-01 2.751992200859258442e-01 5.150602703381479408e-01
5.706821509490404010e-01 2.781332493480667134e-01 5.180011128270329834e-01
5.723125160311196558e-01 2.751846918818389720e-01 5.120973516586848628e-01
5.724965399495534069e-01 2.781299262301203945e-01 5.170829971250836543e-01
5.723947423264343914e-01 3.279221395135077377e-01 4.785939103112157866e-01
5.725422954428843747e-01 3.366634092317874472e-01 4.894552290847280496e-01
5.734429772999295460e-01 2.990926051107205552e-01 4.814567346742458787e-01
5.734843910311197002e-01 3.357317338726903411e-01 4.884880848687567778e-01
5.741442720801962496e-01 2.761161668519142021e-01 5.101574857322997980e-01
5.742145418305383275e-01 2.761314298157480085e-01 5.131739750769475084e-01
5.742873498418241685e-01 2.781627232333693800e-01 5.162070633122416430e-01
5.743416552667558461e-01 2.800765051887387225e-01 5.171622509832403125e-01
5.742941630685683974e-01 3.037971715757513125e-01 4.795198077868484954e-01
5.743415216740745954e-01 3.318777520092327515e-01 4.825473185277000532e-01
5.751430109652851952e-01 2.761465090896450536e-01 5.111687155330864041e-01
5.751544331395328502e-01 2.761547918358830955e-01 5.121458792001520877e-01
5.752100744912770347e-01 2.771285488895766647e-01 5.141982301641568887e-01
5.752963753633700827e-01 2.922901325773758496e-01 4.882161235678846856e-01
5.752828157062223058e-01 3.299109671575740643e-01 4.815440040932780219e-01
5.753046581096080692e-01 3.309220299675090793e-01 4.825388353924401352e-01
5.753481425273577754e-01 3.309360238008708932e-01 4.943584812649606253e-01
5.753703189124466100e-01 3.338046928437060634e-01 4.904765785311199777e-01
5.762705331951073484e-01 3.009486082314455913e-01 4.814682236448341035e-01
5.762539009062906947e-01 3.038032500427485516e-01 4.805302694297178268e-01
5.762677277488009731e-01 3.289163028492635421e-01 4.815170183716638297e-01
5.762949138594370968e-01 3.309387290526664138e-01 4.835177691625324736e-01
5.762892361704835542e-01 3.319431122285385061e-01 4.845460320301795409e-01
5.763514235636094662e-01 3.328496053672183597e-01 4.904930104309148109e-01
5.771137701992112845e-01 2.771293671447493390e-01 5.121871259404906507e-01
5.773244458575560456e-01 3.319036689893968828e-01 4.865723658195091894e-01
5.773387402744507568e-01 3.318870033024098887e-01 4.895045247841124936e-01
5.780680227214411993e-01 2.791480026558215144e-01 5.152514080668586516e-01
5.780749027445259980e-01 2.819945454108231941e-01 5.152758221293586294e-01
5.780765726530416870e-01 2.941441652060522993e-01 4.891784250491603703e-01
5.783169726829664459e-01 3.309062660311205550e-01 4.855652105955010067e-01
5.790496617433289472e-01 2.780985987463652775e-01 5.112379499401485949e-01
5.790723724991428956e-01 2.781198232836002426e-01 5.122114064103093778e-01
5.790344321776654812e-01 2.791188126549665194e-01 5.142252826821116507e-01
5.792728283173713688e-01 3.270310429313428857e-01 4.825581729330523095e-01
5.793101674717830996e-01 3.280097095160727227e-01 4.835856008464414768e-01
5.792950047024603144e-01 3.299266642976219632e-01 4.855392602171665350e-01
5.802425775906272509e-01 3.251271134362163640e-01 4.943310279689620002e-01
5.802688953488350787e-01 3.280075720331725453e-01 4.914199098516568998e-01
5.802769777060512446e-01 3.289679364205699841e-01 4.865471502009216520e-01
5.802678934037256431e-01 3.289717104138155102e-01 4.875426160653197338e-01
5.812638268425082133e-01 3.250573446584290593e-01 4.835527704450222064e-01
5.812782548520840642e-01 3.270171158943216971e-01 4.895102024730659807e-01
5.819474873888488275e-01 2.878053928693560248e-01 5.124089899858907948e-01
5.820280437756477632e-01 3.156782366834803844e-01 4.824212738329325956e-01
5.821042584003056630e-01 3.174578581886958739e-01 4.824355348516569664e-01
5.822385190449705927e-01 3.251343608391746298e-01 4.913807337978778333e-01
5.828973313525971367e-01 2.887559381946809278e-01 5.114625860336848850e-01
5.830375368715778883e-01 3.175099927325569782e-01 4.834022782895844306e-01
5.831105452718857718e-01 3.224482795934495716e-01 4.932551393104462334e-01
5.831424071263658915e-01 3.233016028449886003e-01 4.923508838491774675e-01
5.832269712936025696e-01 3.241186556835658483e-01 4.855731259618655815e-01
5.832090698743138679e-01 3.241351877778715918e-01 4.875414471293587071e-01
5.838069639192865479e-01 2.819005629595577878e-01 5.083540513316500142e-01
5.838590650649774227e-01 2.830006986897219967e-01 5.122751969156102980e-01
5.838562596186709364e-01 2.839695128142089575e-01 5.122837468472108968e-01
5.839963315449705483e-01 3.175453947930905185e-01 4.844088991428676105e-01
5.841271187799226272e-01 3.213327807049407014e-01 4.855121743010413771e-01
5.841058775436025474e-01 3.223865597747081480e-01 4.894378620361644616e-01
5.847539356403878008e-01 2.819018654882000652e-01 5.093348887974502581e-01
5.847992903556750166e-01 2.839314055018799521e-01 5.113521048862841312e-01
5.859049701821114065e-01 3.166754392527348361e-01 4.863611891886097660e-01
5.859337594049226494e-01 3.185974705561719356e-01 4.874033456951076815e-01
5.868242882181921027e-01 3.168096664992293698e-01 4.931645634725529415e-01
5.875182354009896857e-01 2.847797858242123725e-01 5.065291419074878787e-01
5.877754681087530297e-01 3.070758365573689197e-01 5.009781656121733429e-01
5.877641795271866254e-01 3.079119263530255557e-01 4.881489264492116509e-01
5.878192197118652373e-01 3.098723655523244469e-01 4.872437692373443596e-01
5.878288383849158416e-01 3.108641910161582533e-01 4.872649102791535292e-01
5.887166285482194894e-01 3.090170718087369428e-01 4.989914420528367978e-01
5.897422195622413765e-01 3.011538733861993111e-01 5.009265988372074707e-01
5.897086210029048869e-01 3.090026771973313213e-01 4.979724972747074929e-01
5.907189824512633081e-01 2.991935009832410453e-01 4.998741222960823571e-01
5.906905272101552473e-01 3.011365063376357232e-01 4.999458281677478522e-01
5.907106997050252106e-01 3.040746435747253007e-01 4.989788175444578311e-01
5.906697535482194894e-01 3.070603064081726119e-01 4.979793105014517218e-01
5.906603352641908167e-01 3.080118536786069505e-01 4.910563039714414546e-01
5.906817768895327170e-01 3.080375034734086359e-01 4.969639393275461225e-01
5.906641426556066277e-01 3.089874810298381402e-01 4.910714667407642953e-01
5.906719578274602922e-01 3.099893259447663585e-01 4.939687246173887769e-01
5.916541980164137238e-01 3.020578616621056312e-01 4.968993806643279276e-01
5.916115819510923135e-01 3.029731385195782445e-01 4.949314936730488390e-01
5.916001597768446585e-01 3.039613903791884009e-01 4.939630135302650049e-01
5.916751720673713022e-01 3.039899124166370870e-01 4.969738919822998535e-01
5.916228705326586068e-01 3.050025449405768807e-01 4.930110654817868587e-01
5.916668225247926349e-01 3.050086902039148007e-01 4.969861491108053531e-01
5.916605436687735198e-01 3.060395247306760824e-01 4.939780761050768798e-01
5.916482531420977908e-01 3.060553220652348916e-01 4.959438924097964718e-01
