2.637464698133967778e-01 8.772684037277670432e-01 8.406670816945934765e-01
2.637310064605410953e-01 8.772644627436698705e-01 8.426885393510571420e-01
2.637278837316167079e-01 8.772355399281774879e-01 8.437552769109066819e-01
2.637580923766663088e-01 8.772346715757493030e-01 8.447968990466796502e-01
2.637418608658933517e-01 8.782819714004757028e-01 8.397396145049559335e-01
2.637315575303513238e-01 8.783165719049216280e-01 8.406791718322473850e-01
2.637096483306249350e-01 8.783174402573498130e-01 8.416680916552637948e-01
2.637032859791799688e-01 8.783249214475002953e-01 8.426889401291010051e-01
2.636984599435694965e-01 8.783264577633347336e-01 8.437320985807083007e-01
2.647192583201512517e-01 8.762487575880612001e-01 8.407064915355647594e-01
2.647296284520339604e-01 8.761877057327259744e-01 8.427248765603595482e-01
2.647497842478188090e-01 8.761647945878902055e-01 8.437889422665838524e-01
2.647001211685609534e-01 8.772690048948327268e-01 8.396988687371721438e-01
2.647243181429538850e-01 8.782875154967478837e-01 8.448382459815291234e-01
2.646716993256231776e-01 8.793443671981843179e-01 8.426867358498602023e-01
2.646946271695441721e-01 8.793614002650447237e-01 8.437502003890188229e-01
2.657318741450058752e-01 8.751968488158313741e-01 8.427614809550243447e-01
2.657177133207924702e-01 8.782999396161049743e-01 8.458357825324867019e-01
2.657496753697836112e-01 8.793681466954482717e-01 8.448222148597780423e-01
2.656526536850195575e-01 8.803436404539982663e-01 8.407595278300243891e-01
2.656876382684241755e-01 8.803698914158655242e-01 8.417039612901816570e-01
2.657343289105240092e-01 8.803936709131295890e-01 8.427279491920284249e-01
2.666084425230838550e-01 8.762072102641897953e-01 8.397533077547849611e-01
2.675534103539662367e-01 8.782509111020830872e-01 8.378011846998943968e-01
2.686027641661669629e-01 8.813954824298874113e-01 8.388679890560845065e-01
2.695828334740499876e-01 8.782354143510570088e-01 8.367787331138820672e-01
2.695732481991696683e-01 8.803293460371035550e-01 8.367948310319737182e-01
2.705600806365414113e-01 8.771946605677123365e-01 8.367978368673020251e-01
2.705443667974083977e-01 8.813743747862485822e-01 8.368407869143267286e-01
2.733438014331813215e-01 8.781893248760228587e-01 8.358373722853936760e-01
2.743361779668253009e-01 8.771644018254072250e-01 8.358598826521858038e-01
2.761389110058984908e-01 8.801880717766726869e-01 8.348767073144635065e-01
2.761218946381231443e-01 8.812276900222266729e-01 8.348946087337520972e-01
2.771169597244774740e-01 8.791411727299900392e-01 8.348668882523909707e-01
2.875561089261275405e-01 8.830648565748941969e-01 8.338123744228765899e-01
2.893937430531795529e-01 8.840519061003729862e-01 8.338133763679860255e-01
2.922195288453307005e-01 8.860147165697642713e-01 8.338400281078971465e-01
2.958415270177828238e-01 8.667728951137110283e-01 8.685156116407287685e-01
2.989678629445953750e-01 8.879566197845385478e-01 8.338419652017754480e-01
2.995502936367123170e-01 8.610165868673019807e-01 8.665437836653525627e-01
3.005392802560693521e-01 8.590211129873430718e-01 8.618281624059476176e-01
3.009518812521363995e-01 8.889517516672335029e-01 8.338772336696276266e-01
3.029848946755290262e-01 8.888997841142238787e-01 8.338683497563239566e-01
3.033236189188600607e-01 8.581228357985605237e-01 8.655672879616932436e-01
3.039503021866439281e-01 8.888758042279379934e-01 8.338925300316317735e-01
3.043197193484941110e-01 8.581253072631638279e-01 8.675142009020146983e-01
3.052989203039489507e-01 8.580726717467479503e-01 8.684255701735604793e-01
3.057196370554024489e-01 8.663945606403867794e-01 8.339955299888821560e-01
3.058150890261616683e-01 8.732696407959955609e-01 8.329738131626167608e-01
3.058778775863532085e-01 8.752647138979107178e-01 8.329653300273568428e-01
3.068256842617123059e-01 8.752789415184647481e-01 8.329801588149764457e-01
3.077213897913805840e-01 8.733498632010913143e-01 8.329672003248944634e-01
3.077460042429024378e-01 8.743168070280405990e-01 8.329772197759888197e-01
3.082825458490071058e-01 8.552596106574866797e-01 8.415487933908998297e-01
3.085121916680905740e-01 8.664936196135399893e-01 8.339155747691489040e-01
3.092910369998279063e-01 8.552370334943539820e-01 8.406043599307425618e-01
3.093119776526151443e-01 8.561606264962349222e-01 8.396605276376508664e-01
3.091358691005460790e-01 8.726071546896343456e-01 8.836890015817341348e-01
3.092150561623621119e-01 8.774770086995522522e-01 8.827785674589572196e-01
3.093035613136959072e-01 9.042085702376848610e-01 8.397876410738683850e-01
3.102321640411240811e-01 8.552292851188409983e-01 8.405618106617617213e-01
3.102611536529571445e-01 8.561402536123430274e-01 8.396438285524935319e-01
3.101116300444585194e-01 8.716681317330680079e-01 8.837121799119325161e-01
3.111514152808641520e-01 8.552422436089230917e-01 8.405363612559819675e-01
3.112000430168422316e-01 8.561490039329654467e-01 8.396237228539641384e-01
3.111075300850706937e-01 8.716800214816999848e-01 8.837434405993470632e-01
3.121173905608743970e-01 8.552598778428491810e-01 8.405115130172678972e-01
3.121241035931076602e-01 8.561618288303662894e-01 8.396032163773909929e-01
3.119600851786924478e-01 8.611099013551610781e-01 8.781234636841623864e-01
3.122817429569927361e-01 9.022913148726028343e-01 8.378498124358725319e-01
3.129442958596945212e-01 8.648119549418573637e-01 8.828167081694564544e-01
3.140057899068046110e-01 8.495484567373430274e-01 8.510883795742103519e-01
3.140707827462368984e-01 8.562096550102568093e-01 8.395554569938410427e-01
3.141511387440139025e-01 8.580795517698327490e-01 8.386011376752705582e-01
3.143053714945269195e-01 8.637800850718163614e-01 8.366554938654210405e-01
3.139440032917225620e-01 8.707296431472266729e-01 8.838012862303319395e-01
3.150206267099852075e-01 8.495342959131296778e-01 8.490950431771515650e-01
3.149557006668935455e-01 8.495582757994155632e-01 8.520131081138820894e-01
3.150182888380631541e-01 8.552732371109750265e-01 8.404816550530065378e-01
3.149354947738531862e-01 8.707186885473634508e-01 8.838239301898053180e-01
3.158977962551288154e-01 8.495321584302295559e-01 8.519732974948669435e-01
3.159021714154400251e-01 8.533968611063580401e-01 8.432965864398054290e-01
3.158703763573005308e-01 8.707027242219531615e-01 8.838346176043060387e-01
3.168729894301459127e-01 8.495392388423361751e-01 8.491200918048875668e-01
3.168707183545645401e-01 8.495475215885742726e-01 8.500733423820079349e-01
3.167879576885248571e-01 8.514484786465428279e-01 8.616509517142582064e-01
3.169643334259564793e-01 8.553312163346412644e-01 8.413779283515702145e-01
3.171756770477074938e-01 8.599988110251337581e-01 8.385557829599833424e-01
3.177271810341130709e-01 8.514461407746207744e-01 8.625856997050243002e-01
3.178529585435180271e-01 8.534291237388820228e-01 8.432683315877192998e-01
3.182155624786240367e-01 8.782040200709613220e-01 8.358477257181912146e-01
3.181275916980152996e-01 8.906326147828285134e-01 8.349082351872405550e-01
3.181510706117464671e-01 8.964371499871719440e-01 8.348986165141899507e-01
3.197013468814113302e-01 8.513869592168231692e-01 8.625466238457561996e-01
3.197360141821978807e-01 8.697550177411049743e-01 8.838899249743470410e-01
3.200528960221431518e-01 8.954922489526301321e-01 8.358322957635059280e-01
3.207426016373107758e-01 8.658077547879585723e-01 8.819764102043402554e-01
3.207187219455358007e-01 8.697663731190119485e-01 8.838907265304345451e-01
3.217378003163463007e-01 8.514747296084100858e-01 8.471306295955851606e-01
3.215763201628750734e-01 8.533061516757834974e-01 8.683714651376508442e-01
3.217218359909359005e-01 8.678145840458245663e-01 8.829412165483894182e-01
3.219209558823518114e-01 8.818236469733210514e-01 8.377224318142925119e-01
3.226520418305391935e-01 8.514640421939093651e-01 8.480623717510229476e-01
3.225915243459290815e-01 8.514006524666521969e-01 8.596936853411392132e-01
3.226554150457409675e-01 8.524344594305715006e-01 8.471123273982528179e-01
3.226091585798552264e-01 8.532935271674045863e-01 8.683963133763649145e-01
3.225844773319926917e-01 8.581293818399422513e-01 8.743486020861801489e-01
3.226031469091985571e-01 8.591095513423361307e-01 8.753395925957561108e-01
3.225890194831554925e-01 8.600735561302979004e-01 8.762983204728080899e-01
3.227383093044619011e-01 8.648756786508177141e-01 8.810104015261596144e-01
3.226810314423723125e-01 8.716434170870351883e-01 8.838747622050241448e-01
3.226744520028203000e-01 8.726126987859066375e-01 8.838632064380953501e-01
3.226638313846602601e-01 8.735809785396685401e-01 8.838493127992443910e-01
3.226752535589078597e-01 9.145883875897710125e-01 8.492379205497575523e-01
3.235786740659188365e-01 8.524265774623772662e-01 8.480467414073157295e-01
3.235908643980836552e-01 8.532829733455852272e-01 8.674297703274592708e-01
3.236482090565138692e-01 8.697260281292717998e-01 8.829338689509201865e-01
3.245907388209632871e-01 8.532820381968163614e-01 8.664543433652499571e-01
3.245904716356007302e-01 8.542294106959613664e-01 8.693807578445591489e-01
3.245548691860453694e-01 9.193132267441828098e-01 8.531379584900790070e-01
3.255175714453647506e-01 8.523217072075892631e-01 8.577612672067342903e-01
3.255662993758538515e-01 8.532908553137794616e-01 8.654436479351884648e-01
3.255565137119516561e-01 8.542106409242445908e-01 8.683964469690461652e-01
3.255528065150466999e-01 8.551992267655578184e-01 8.703619960884031448e-01
3.255804935982375414e-01 8.620074437841966919e-01 8.772406832464059168e-01
3.255643288838052651e-01 9.193175017099830537e-01 8.541127174888820672e-01
3.255057150949030587e-01 9.193489627864194214e-01 8.559979106104620428e-01
3.264986426983572665e-01 8.542066999401474181e-01 8.674456678565289902e-01
3.266204124273244247e-01 8.572154743074524852e-01 8.724030918690118819e-01
3.274673566283333170e-01 8.532934603710640165e-01 8.577657425615564657e-01
3.274292827141745965e-01 8.532630680360776543e-01 8.597016341056741284e-01
3.275498835071807835e-01 8.562063151932254312e-01 8.704348040996890967e-01
3.275889593664488841e-01 8.572007791125140219e-01 8.714223211995523188e-01
3.285065072995029256e-01 8.552101813654210405e-01 8.674126036679175034e-01
3.285230059956383841e-01 8.561975648726029009e-01 8.694361320109408320e-01
3.285382689594721350e-01 8.581345251581706801e-01 8.714247258678149421e-01
3.285407070259050988e-01 8.668549878163444022e-01 8.791300845374455664e-01
3.294609936089249458e-01 8.543157783643949843e-01 8.577355506155920351e-01
3.294667380942190582e-01 8.543036882267410759e-01 8.626050706438067595e-01
3.292945037299064848e-01 9.183821525521512763e-01 8.617791338919257305e-01
3.305022817629947318e-01 8.552741054634032114e-01 8.644464453659339576e-01
3.304491786721944213e-01 8.563553378291692830e-01 8.538494063141214285e-01
3.304492120703647617e-01 8.581486859823840296e-01 8.694410081438067595e-01
3.304902584216814487e-01 8.658815647443539598e-01 8.770989414115906158e-01
3.304333145412949868e-01 8.669608600162417300e-01 8.452019520562554789e-01
3.302735376945097889e-01 9.183917712252018806e-01 8.627304473751679081e-01
3.314462142505972819e-01 8.553602727428150088e-01 8.586895359524593374e-01
3.314296153599509132e-01 8.563586776462007721e-01 8.557813568741419186e-01
3.314369963555904852e-01 8.562133956053320505e-01 8.644374278599490369e-01
3.313983880707067620e-01 8.573625598495181466e-01 8.538454653300242558e-01
3.314607090565138692e-01 8.591480928308792286e-01 8.694117513466110836e-01
3.314680900521533857e-01 8.601330716697985768e-01 8.704218456096070033e-01
3.314437093878236928e-01 8.649438109182595591e-01 8.752702579941828986e-01
3.313758777039146897e-01 8.660186308353252649e-01 8.461361656762965699e-01
3.314572690449714698e-01 8.659082164842650808e-01 8.761859690278696045e-01
3.313850622007512015e-01 8.726211151248258746e-01 8.810133405651473515e-01
3.312418174482717470e-01 9.183997199897367958e-01 8.627362586568027014e-01
3.324188691646705052e-01 8.562958890860092875e-01 8.606471363072815128e-01
3.324081483519994995e-01 8.562783884447643379e-01 8.616416670229107844e-01
3.323552122520507801e-01 8.573101247221242005e-01 8.557989911080681189e-01
3.324477251838223180e-01 8.591326628761939421e-01 8.674203520434305981e-01
3.322476033472970269e-01 8.659936490039298329e-01 8.470394525906262961e-01
3.322959304997423202e-01 8.735845855420625305e-01 8.810285033344701366e-01
3.322903530052997434e-01 8.745258795742102409e-01 8.810444008635399671e-01
3.322546837594037572e-01 9.184181557797505002e-01 8.617018505258177141e-01
3.333497763658503921e-01 8.581605089346754367e-01 8.634719535524935097e-01
3.332483461226048438e-01 8.725881845288956384e-01 8.800659012696616657e-01
3.332562280907990782e-01 8.819080107515357980e-01 8.462065690193197876e-01
3.343014572289659814e-01 8.582126768767068814e-01 8.586979522913785745e-01
3.343030269429707602e-01 8.582476781591966697e-01 8.605842809507493474e-01
3.341217416745029256e-01 8.669018788474661674e-01 8.489700672238341683e-01
3.342764086012299796e-01 8.668356836739025129e-01 8.733679650094018365e-01
3.341269851872423202e-01 8.707456742689777540e-01 8.470599590671994417e-01
3.341677977513667908e-01 9.174641036465425170e-01 8.626945777402499349e-01
3.352577136414146564e-01 8.601780256070420405e-01 8.577157121024251429e-01
3.352321974392942772e-01 8.601128323785879326e-01 8.605776013166863692e-01
3.352683676577450367e-01 8.658894467125481942e-01 8.704499000726713120e-01
3.352596841334632427e-01 8.668119041766384480e-01 8.714200501239708352e-01
3.352169344754604707e-01 8.677221379103936538e-01 8.724050289628901833e-01
3.351056517719721017e-01 8.697453990680543701e-01 8.480193549076576742e-01
3.361012512290514898e-01 8.697470689765700591e-01 8.509011494314264734e-01
3.360741653129262763e-01 8.707162170827602576e-01 8.499523074127875999e-01
3.360752006562060523e-01 8.745757096443197431e-01 8.480342504916180690e-01
3.360845521438941552e-01 8.763872931985262626e-01 8.480894242689778206e-01
3.360816465030767586e-01 8.772748161764674091e-01 8.480930980677123809e-01
3.360862888487505251e-01 9.155555986020829096e-01 8.626635842381980002e-01
3.372125419481006858e-01 8.687392457891556230e-01 8.664353064081706801e-01
3.371904657575227060e-01 8.706711963491761130e-01 8.713445034627191887e-01
3.369784207741950977e-01 9.127038624315972903e-01 8.616617059250994970e-01
3.368516413196807613e-01 9.127977780865220714e-01 8.683483536037930328e-01
3.368759885858401137e-01 9.136975247947983769e-01 8.674568896417547137e-01
3.369321977064796414e-01 9.146271962636766117e-01 8.665324282874455886e-01
3.379615627137470546e-01 9.117500106874112387e-01 8.626315219946959489e-01
3.378345160738702169e-01 9.118530106446616212e-01 8.692744848666179580e-01
3.379536139492121949e-01 9.127447417920624417e-01 8.636257855249627191e-01
3.378573938205357008e-01 9.127785407404208629e-01 8.683397368758518642e-01
3.379397203103612912e-01 9.136796901718503561e-01 8.645955347982184902e-01
3.390838414308298132e-01 8.810119378419941638e-01 8.635135008763649145e-01
3.391297639150124832e-01 8.810584948914127468e-01 8.654395733584100414e-01
3.389745626175603710e-01 8.954919149709270609e-01 8.752300465971241117e-01
3.389546907062231385e-01 8.964005455925070365e-01 8.752151510131637169e-01
3.389399955112846752e-01 8.973966126239707464e-01 8.751918390902841960e-01
3.389219938974851187e-01 9.099030918690117486e-01 8.654872659456193107e-01
3.388726314017600494e-01 9.108465233840596920e-01 8.664491332506808474e-01
3.388661855548893431e-01 9.108821258336150528e-01 8.673714571220899616e-01
3.388457124764864825e-01 9.109005616236287572e-01 8.683044684079995745e-01
3.400673507502552928e-01 8.877772716099489037e-01 8.655478502265701035e-01
3.400643449149269859e-01 8.887509618673018474e-01 8.635933892997574857e-01
3.399971811944242361e-01 8.917154502607697042e-01 8.625910434122746606e-01
3.399572035845576101e-01 8.917133795742102631e-01 8.705159616535536049e-01
3.399450800487334168e-01 8.945009244613510990e-01 8.733053768382321724e-01
3.399206659862333835e-01 8.954620570066657015e-01 8.742755936858723764e-01
3.399212003569584417e-01 8.964222544032115492e-01 8.742727882395660011e-01
3.399594078637983574e-01 8.974145808396000179e-01 8.712705599136425505e-01
3.399451134469037017e-01 8.983948839346752591e-01 8.712589373503730750e-01
