3.018132534627211983e-01 3.207138124144995328e-01 8.257332234310845731e-01
3.018130530736993222e-01 3.217713654775125054e-01 8.246245377693198764e-01
3.018100138402006749e-01 3.217396706138839213e-01 8.268177956138821338e-01
3.018600776975023381e-01 3.227916127842840877e-01 8.236068955198329045e-01
3.018065738286582755e-01 3.228331935063257774e-01 8.279422452120352993e-01
3.017701698230153551e-01 3.238985283430220741e-01 8.279163950282117934e-01
3.018387028685009521e-01 3.248350130386445378e-01 8.226625956523568872e-01
3.017391763209633648e-01 3.248780632801800961e-01 8.278908788260914697e-01
3.018169606596261545e-01 3.258086031014865158e-01 8.226827013508862807e-01
3.017896409563087801e-01 3.268879651697149669e-01 8.237438280181229588e-01
3.017449208062574773e-01 3.268812855356520441e-01 8.278093872905236683e-01
3.017512998567875582e-01 3.279122202569242917e-01 8.257349601359409430e-01
3.017550404518627993e-01 3.278740461482546609e-01 8.277997686174730640e-01
3.028901106681760602e-01 3.186548820109427749e-01 8.257794464988000849e-01
3.028929829108231164e-01 3.196652434593011960e-01 8.268577398255784194e-01
3.029025681857034358e-01 3.206831194959803844e-01 8.279548697204143215e-01
3.028937844669106760e-01 3.217486547216985571e-01 8.290304243972268505e-01
3.028736119720406572e-01 3.227322642356349469e-01 8.299729875598464979e-01
3.028189391672355679e-01 3.237475686131999209e-01 8.299519467125483496e-01
3.027842384682786769e-01 3.247813421789488841e-01 8.299309726615907712e-01
3.027663704471603157e-01 3.287988080860966278e-01 8.298355206908315518e-01
3.027351097597458240e-01 3.308343597704331285e-01 8.256415788517412757e-01
3.027336402402520110e-01 3.307983231446636752e-01 8.277062537405921461e-01
3.027326716933128603e-01 3.307590802945439834e-01 8.287457383934648814e-01
3.038883151825399476e-01 3.148979886285898644e-01 8.218485486491078351e-01
3.039277250235112304e-01 3.206934061324372975e-01 8.290120554035538269e-01
3.039059160182957520e-01 3.227088187200740643e-01 8.309777381155920573e-01
3.038188803864558252e-01 3.267816253954331507e-01 8.319094134746892744e-01
3.038134364846945545e-01 3.277816000128237484e-01 8.318877714603253315e-01
3.037890224221945212e-01 3.307459214154400140e-01 8.308503574940120373e-01
3.038259941967328404e-01 3.318064803137812935e-01 8.217277808652501125e-01
3.037838457057957520e-01 3.328561514086000317e-01 8.287492785995181910e-01
3.048497149132171069e-01 3.130231823379776568e-01 8.199889385259888641e-01
3.047998514449373753e-01 3.160668577932615464e-01 8.149868277616250101e-01
3.048148472234086248e-01 3.170617224905939446e-01 8.140038528129245332e-01
3.049141065855837107e-01 3.186246900649783442e-01 8.279312238158315074e-01
3.049128708532820586e-01 3.207025572311035244e-01 8.300075880642925341e-01
3.049211535995201006e-01 3.216966537705187035e-01 8.309870228069395903e-01
3.049079613222458462e-01 3.236561244228784440e-01 8.319643200666865246e-01
3.048476442266576103e-01 3.267500641244858173e-01 8.329070168219874226e-01
3.048038592253751178e-01 3.287496125812231496e-01 8.328635992005783972e-01
3.047639150136787767e-01 3.317299651055904408e-01 8.318338000170968360e-01
3.047547639150126053e-01 3.327565914628921040e-01 8.307897064167206747e-01
3.058522611897218635e-01 3.120422780758367876e-01 8.200355623717481279e-01
3.058117492091302347e-01 3.141118958938942107e-01 8.149741364569054181e-01
3.057742430638669129e-01 3.200045688696979140e-01 8.120477219775962263e-01
3.059306132972800518e-01 3.197139045934496160e-01 8.300232184079997522e-01
3.057720721827964505e-01 3.209291638166882898e-01 8.120538004445935210e-01
3.059370591441507581e-01 3.227037088000159204e-01 8.319885671383349113e-01
3.058906356874134258e-01 3.256733739098825464e-01 8.329534402787247549e-01
3.058314541296158762e-01 3.307145271353442162e-01 8.328889150136769004e-01
3.057646577889865935e-01 3.347851295314625553e-01 8.307556402829997522e-01
3.057626538987677223e-01 3.356422267762471101e-01 8.187913469348465645e-01
3.068158318014694852e-01 3.111565252009222959e-01 8.180587246708247440e-01
3.068753473409701615e-01 3.326939364953818701e-01 8.328855084003048415e-01
3.067690743630289707e-01 3.376750064124474648e-01 8.297156880557425840e-01
3.066929599328819256e-01 3.423097373033503477e-01 8.249123632010914031e-01
3.078414228154913723e-01 3.101000074811890439e-01 8.201453755557426284e-01
3.076997811751869816e-01 3.179558583062573884e-01 8.082017890731845178e-01
3.079237827034872477e-01 3.276846117262300351e-01 8.339157751581707245e-01
3.078839720844722128e-01 3.287029219391233159e-01 8.339182466227740287e-01
3.078631984225365104e-01 3.297226682733401248e-01 8.339020151120011271e-01
3.078867441326083587e-01 3.307337644814454802e-01 8.338718899623772662e-01
3.078691432968524988e-01 3.357103256455186147e-01 8.318442202462350554e-01
3.078331400692533304e-01 3.376887330604468329e-01 8.307642570109409208e-01
3.075988519044961511e-01 3.402230196220917824e-01 8.188872664799902168e-01
3.077544205818217304e-01 3.415113874401492500e-01 8.277902835371037105e-01
3.077276686473996992e-01 3.423548916296157429e-01 8.268947449982870790e-01
3.086104156869858839e-01 3.189551649602416772e-01 8.063182658601202313e-01
3.086416763744003755e-01 3.209453285311206217e-01 8.063029027017755146e-01
3.089411243694414333e-01 3.266569500256486513e-01 8.339543834430545033e-01
3.087588705540344480e-01 3.424162106703134145e-01 8.278631583447302322e-01
3.085518018980837329e-01 3.431701743651663361e-01 8.199305585242788741e-01
3.086145904582752175e-01 3.442201126453476312e-01 8.229955754103938093e-01
3.087113783558470548e-01 3.442388824170644068e-01 8.260084243544771887e-01
3.095887482900125942e-01 3.103475547195611584e-01 8.102167006882665667e-01
3.095912531527861833e-01 3.441307725397559358e-01 8.180131695665154856e-01
3.096270893895337606e-01 3.451568645263325408e-01 8.209945574341626084e-01
3.096642281549236708e-01 3.452049578915856176e-01 8.240250406121721882e-01
3.105212586033675448e-01 3.094012509618662143e-01 8.092911705925073251e-01
3.104915342317875471e-01 3.104407356147389496e-01 8.082907617989026905e-01
3.106267968215618014e-01 3.460956870938770025e-01 8.200047692587180137e-01
3.114262488243833005e-01 3.094304743608914943e-01 8.073477310618986102e-01
3.115986835777177499e-01 3.470846403150637527e-01 8.200220027146003510e-01
3.124557474243319644e-01 3.064862252586343372e-01 8.103281837807768673e-01
3.128134752265720464e-01 3.433326564637470546e-01 8.289299627009204530e-01
3.124987976658675781e-01 3.470058540312915274e-01 8.151600306728766787e-01
3.125906092360624666e-01 3.480592991193557917e-01 8.210783200453116715e-01
3.125954853689284496e-01 3.480726917856519775e-01 8.221180718835470191e-01
3.134834425230836885e-01 3.044557166980152996e-01 8.144652151376510218e-01
3.134303728304537184e-01 3.074691668091644181e-01 8.063801192715429611e-01
3.138280114462198012e-01 3.424388212316163971e-01 8.298607697075893741e-01
3.134852794224510242e-01 3.469491439380972264e-01 8.121971453915839412e-01
3.144530582036582644e-01 3.035115504232205330e-01 8.134265988372063605e-01
3.144567987987335056e-01 3.035139216933128714e-01 8.144770380899423179e-01
3.144274752051972599e-01 3.055654711012301128e-01 8.073665008336153859e-01
3.146876803501185704e-01 3.461315567287949202e-01 8.270957351872405550e-01
3.146636670656623447e-01 3.470973984161239145e-01 8.261467595759204308e-01
3.144690559272389496e-01 3.479694246430390936e-01 8.122096363072816017e-01
3.145209232857376080e-01 3.490009605313770247e-01 8.171490921041352218e-01
3.146036171554366101e-01 3.490278460584803066e-01 8.232004397871037771e-01
3.152280961439797302e-01 3.430537817416198232e-01 8.025926331651818124e-01
3.154002971101219632e-01 3.479492187499987343e-01 8.093434053308794507e-01
3.155937727107546720e-01 3.489985892612846863e-01 8.242095321049902612e-01
3.162296404753750512e-01 3.093506861320098333e-01 7.996255397144294008e-01
3.161436401868149004e-01 3.285506596806588853e-01 7.939213994100519090e-01
3.161518561367122615e-01 3.294849066988702058e-01 7.939085077163103854e-01
3.161454770861821806e-01 3.314067376132854292e-01 7.948819975846415087e-01
3.161942384148415663e-01 3.430769934699884893e-01 8.016035129531434711e-01
3.170796907062232162e-01 3.304280376303852518e-01 7.929961364996551687e-01
3.183075076415002314e-01 3.006373372841131264e-01 8.115079407489711460e-01
3.181129299012471767e-01 3.132881634212539845e-01 7.938241439380956388e-01
3.180743216163634535e-01 3.190798069318558916e-01 7.928700918048877666e-01
3.179231280993490838e-01 3.295567795613873474e-01 7.921308567031435377e-01
3.179416306857033581e-01 3.304649760067532860e-01 7.921321258336154747e-01
3.180131695665173175e-01 3.332827462380288930e-01 7.930549172794089108e-01
3.189046001303852962e-01 3.332585993608914166e-01 7.921528326992105518e-01
3.201911310490754836e-01 2.997150134127041232e-01 8.105532206523569094e-01
3.202025866214933680e-01 2.996852556429537850e-01 8.115833538175415418e-01
3.198086552026322416e-01 3.332509177817190582e-01 7.912476754873433160e-01
3.201740311858743415e-01 3.508770025542908289e-01 8.065977417493130908e-01
3.208402244891404576e-01 3.103879665056418213e-01 7.920217114825552907e-01
3.213492794010761600e-01 3.122180860443730110e-01 8.318943842980476289e-01
3.214243918861137694e-01 3.132769082378579761e-01 8.329431536422678972e-01
3.211232405843866822e-01 3.518485219305733103e-01 8.066555873802980781e-01
3.217847915419790317e-01 3.122952024196295473e-01 7.900912972383692390e-01
3.223904005642943549e-01 3.151823406506486513e-01 8.348871275436016148e-01
3.216054433673893875e-01 3.266026779988873141e-01 7.884535845588207525e-01
3.227552421768114521e-01 3.084456959109941332e-01 7.911360588021517648e-01
3.227178362260590405e-01 3.094527509404913501e-01 7.901454690706195549e-01
3.226867759276664249e-01 3.123484725012813934e-01 7.891553469134718890e-01
3.232129307028032139e-01 3.143111493779913723e-01 8.348799135388137449e-01
3.224854851551801072e-01 3.294959614932443936e-01 7.885402862089575526e-01
3.238176713726903522e-01 3.354897975269310884e-01 8.338353523640531506e-01
3.232857387140891103e-01 3.517882382331553592e-01 8.252368598238684072e-01
3.237645348837197568e-01 3.018002281762985350e-01 7.997180526462009942e-01
3.234991196242293365e-01 3.198082878227587744e-01 7.864501619143268174e-01
3.246992160781452252e-01 3.027820007908675892e-01 7.958075276804007503e-01
3.245971178714933680e-01 3.057304580625844204e-01 7.920062815278698931e-01
3.245921749422868152e-01 3.084424562884736098e-01 7.892570109439096537e-01
3.256144261392772132e-01 3.354959761884392933e-01 8.338648763466112168e-01
3.251518948785898089e-01 3.537565927988188252e-01 8.232456609097097422e-01
3.250763816155083918e-01 3.557555066903201890e-01 8.191967339261256864e-01
3.256113869057785659e-01 3.047255739141576103e-01 7.920233145947304099e-01
3.265555865787437284e-01 3.355307102855665247e-01 8.338650767356331484e-01
3.260472664265549048e-01 3.547515910888325297e-01 8.221950212679519643e-01
3.259122376239728669e-01 3.566776969690479970e-01 8.173258352214403111e-01
3.266554805061547828e-01 3.008583329770850856e-01 7.977608530694225708e-01
3.266062182049406792e-01 3.018157249273245024e-01 7.958395899239028015e-01
3.265851105613018501e-01 3.027443276547526763e-01 7.939777755215430277e-01
3.263453450966130598e-01 3.103551361042225509e-01 7.865165574769124035e-01
3.261311292322149891e-01 3.274912363201082921e-01 7.857477983926099974e-01
3.270711207357204220e-01 3.527064541296157096e-01 8.252484823871379938e-01
3.270315439038976035e-01 3.536810127393968384e-01 8.242395904582733301e-01
3.275187564124475426e-01 3.018163594925604709e-01 7.949029716355990871e-01
3.275114756113189363e-01 3.046983210071808612e-01 7.901697829386086225e-01
3.274508579321978585e-01 3.056174720524099664e-01 7.892496633464404221e-01
3.272738142313599830e-01 3.123022494335659371e-01 7.845856756583419189e-01
3.279569738051458794e-01 3.546881345652346806e-01 8.232334371793745831e-01
3.277142025051287821e-01 3.576618408537093896e-01 8.096278241492789185e-01
3.285299528150638082e-01 2.959238201094380738e-01 8.107554799717823224e-01
3.284603176299578098e-01 3.008811773255803401e-01 7.968022587850518423e-01
3.283167054976048327e-01 3.083723869271534634e-01 7.864979880942174484e-01
3.282966665954160645e-01 3.113096892099851964e-01 7.845764577633350667e-01
3.282306384127040011e-01 3.132373982023757830e-01 7.836406410311189674e-01
3.286494180702792534e-01 3.585960544737504252e-01 8.115642500641215840e-01
3.294831699940138914e-01 2.959681728796159095e-01 8.165499957250312857e-01
3.289677360315480525e-01 3.196967379339079041e-01 7.828748877821449792e-01
3.301546402081896314e-01 3.354988484310863495e-01 8.338801727086153637e-01
3.298331828189112747e-01 3.556659661957066731e-01 8.222420458917548691e-01
3.294609268125843204e-01 3.585634244613530308e-01 8.097010329386086225e-01
3.304218589688770469e-01 2.959377471464592624e-01 8.097198027103253981e-01
3.303812801919447928e-01 3.018354966441507692e-01 7.939302833233555790e-01
3.302179297409358893e-01 3.112404214047526652e-01 7.836328258592653029e-01
3.300390157425603932e-01 3.150208270990070836e-01 7.818497643425074140e-01
3.300076882588052207e-01 3.159703036828819256e-01 7.818530373631983332e-01
3.299804353518285271e-01 3.169026804035556255e-01 7.818804906591969583e-01
3.303648148939796747e-01 3.594726562499986899e-01 8.116508849179177032e-01
3.313527995682272742e-01 2.950271794310009854e-01 8.165145268681571755e-01
3.312855356532136142e-01 3.027695432733402137e-01 7.920873722853938315e-01
3.310470393189967608e-01 3.140092967146876357e-01 7.818317961268781424e-01
3.319490571028544945e-01 3.466885714133024488e-01 8.281963384917890858e-01
3.314811153385761044e-01 3.594964023490924143e-01 8.155094423307084339e-01
3.313355995105152219e-01 3.604208303052312545e-01 8.136322647700039434e-01
3.323075196648415108e-01 2.950572711824545058e-01 8.184889599008178251e-01
3.320483832613702058e-01 3.121442426898073386e-01 7.827481751239712127e-01
3.318886732109256332e-01 3.168304067629947873e-01 7.809343204941832095e-01
3.318610195259051321e-01 3.177453830369345589e-01 7.809575656207222716e-01
3.320654497264010074e-01 3.556789580839590514e-01 7.973751709986292013e-01
3.321706205647217969e-01 3.603935106019138801e-01 8.117409931814266733e-01
3.332272384789659592e-01 3.594541202654740752e-01 8.156083677111803931e-01
3.341898405437744302e-01 3.008759004146706051e-01 7.949062446562898954e-01
3.338511163004433957e-01 3.158453945259051543e-01 7.809256369699014710e-01
3.345908189765720020e-01 3.456966791531280170e-01 8.282629344433964924e-01
3.345129344433982466e-01 3.545642273533674005e-01 8.234318223110436152e-01
3.349769352235795195e-01 2.941002466120885561e-01 8.156197230890873673e-01
3.349841158301971600e-01 2.941000462230666801e-01 8.165772486320079793e-01
3.351753203552484406e-01 2.969858819254435067e-01 8.038766592210982997e-01
3.347928779069755389e-01 3.158474318142943660e-01 7.809434047965088110e-01
3.346431873076253227e-01 3.360423034584461566e-01 7.820851546468849946e-01
3.353525644451082477e-01 3.555546166958776788e-01 8.224411657831708355e-01
3.364039722447833558e-01 3.114436492711172288e-01 8.367787331138820672e-01
3.356543837102416439e-01 3.350198184742634866e-01 7.810601647999287911e-01
3.370496924696465557e-01 2.970043511136275516e-01 8.038337759704143881e-01
3.373680104309153549e-01 3.104171899046671568e-01 8.367520145776303764e-01
3.366990784776834889e-01 3.139875545058128381e-01 7.818692688739712349e-01
3.364180662726561355e-01 3.430225544523756720e-01 7.832174194168918246e-01
3.372834128655083918e-01 3.486302742390548493e-01 8.263633801085811248e-01
3.365247734268113633e-01 3.527754881476560800e-01 7.909929810405238459e-01
3.367959331715958959e-01 3.603681947888153769e-01 8.137581090757495250e-01
3.378665783173722681e-01 3.017893069746055978e-01 7.930642019707564438e-01
3.383208602299919709e-01 3.093912983071124279e-01 8.357308321220899838e-01
3.382936407211855068e-01 3.134392567437574439e-01 8.367799354480134344e-01
3.380722108519994551e-01 3.535721681023414331e-01 8.235208618331023578e-01
3.376595096614214975e-01 3.593434387290513898e-01 8.029574747776988541e-01
3.376895012183640521e-01 3.603650887589761598e-01 8.127957073999628745e-01
3.387778139962367985e-01 3.082901940300091792e-01 7.846748487730820232e-01
3.392958864141574771e-01 3.104172900991781225e-01 8.367510794288616216e-01
3.392001672580357008e-01 3.144119450560009521e-01 8.367479400008519530e-01
3.393130196755289041e-01 3.400047625790856287e-01 8.292891934208246330e-01
3.383597023020678551e-01 3.439630135302655378e-01 7.822576227983898400e-01
3.385423568955186480e-01 3.575234388359255222e-01 7.973829861704827549e-01
3.388942400179536518e-01 3.574631885366779116e-01 8.196667797751339135e-01
3.385697433951766477e-01 3.584387156933981911e-01 7.992836092467481279e-01
3.397220136692019055e-01 3.054972052411069616e-01 7.865614446178151864e-01
3.397034442865070059e-01 3.064362615958436398e-01 7.855990429420286469e-01
3.402707122093011072e-01 3.419432591804878463e-01 8.283023442843677753e-01
3.398576436388496824e-01 3.564766065855835553e-01 8.206581042664129466e-01
3.406084345075227060e-01 3.017696354522902968e-01 7.930959302325553129e-01
3.405931715436889551e-01 3.082723594070611584e-01 7.847018344946962154e-01
3.411241690535213311e-01 3.113763519579332284e-01 8.367510126325209407e-01
3.410731366492805727e-01 3.143775115424065625e-01 8.367485411679176366e-01
3.410019985465104209e-01 3.505235497178509907e-01 8.235925343065976234e-01
3.406996449106520219e-01 3.574307255151321083e-01 8.187533398170285803e-01
3.404952147101560911e-01 3.584227847661580757e-01 8.001923734610094652e-01
3.406276384554536296e-01 3.583484404390376854e-01 8.168487089603253537e-01
3.415412454044105539e-01 3.054637068762813823e-01 7.865696605677126030e-01
3.420622902594891990e-01 3.123681440235966944e-01 8.367771300017069480e-01
3.420600859802484517e-01 3.133549597618832672e-01 8.367723206651817014e-01
3.417867219562231162e-01 3.545143304869173284e-01 8.207065316133691502e-01
3.429649092104126162e-01 3.094069286508197014e-01 8.358257497221242005e-01
3.429894568655938447e-01 3.153863032767601493e-01 8.358494624230475845e-01
3.424882171255117513e-01 3.399015288346430852e-01 7.800896807669260857e-01
3.430596264214249014e-01 3.400652466655254558e-01 8.274127506198670767e-01
3.423646772935179383e-01 3.575178613414830009e-01 7.983640908216456111e-01
3.426109220032477198e-01 3.583637701992121172e-01 8.158944564380955500e-01
3.433277135345405018e-01 3.027008098388326851e-01 7.921107510046141442e-01
3.438690310790001314e-01 3.113685367860796194e-01 8.358624209131296778e-01
3.439409707378578429e-01 3.133931338705528979e-01 8.358682989911050409e-01
3.440328157062231273e-01 3.326789741150809054e-01 8.301847319596413755e-01
3.436861426983571777e-01 3.554347172644480857e-01 8.188189338235264403e-01
3.436530117134050655e-01 3.563893037683810716e-01 8.178498525136769226e-01
3.435993074555391269e-01 3.573588192544446818e-01 8.168785001282460323e-01
3.434362909862334057e-01 3.593995142570096668e-01 8.089423601017412535e-01
3.434364913752552817e-01 3.593913651034528756e-01 8.099168519151818124e-01
3.443770506476561133e-01 3.092019974777690527e-01 7.847278850675416528e-01
3.448519058331895870e-01 3.153937176705700063e-01 8.349276729223635840e-01
3.442552141223482742e-01 3.262977861020850412e-01 7.781456400692516873e-01
3.448680705476218633e-01 3.280431744827279616e-01 8.310814728325893741e-01
3.446627051983571777e-01 3.544557834943558028e-01 8.188456523597782422e-01
3.445504205497593730e-01 3.573789583511444157e-01 8.159342670571105849e-01
3.452709526761273406e-01 3.055126017976220187e-01 7.883767687670970581e-01
3.457449061110624000e-01 3.124083220224851964e-01 8.349640769280065600e-01
3.457478451500500816e-01 3.134246283451596060e-01 8.349624070194908709e-01
3.451593359909358449e-01 3.253608672302484850e-01 7.781458404582735078e-01
3.451667503847457019e-01 3.312043780993489950e-01 7.781661465458248328e-01
3.454363070173551153e-01 3.439005255536068395e-01 7.801621547965088554e-01
3.456528941518455245e-01 3.534075151226902523e-01 8.188851289970900948e-01
3.454893767099850854e-01 3.584320694575055533e-01 8.109896679420285359e-01
3.460839643360965612e-01 3.036461784477588188e-01 7.911962423050586946e-01
3.467913375833606149e-01 3.271335753142088354e-01 8.301038415911392576e-01
3.461294526440650832e-01 3.322037849478442495e-01 7.781644098409684629e-01
3.463985751004604596e-01 3.449050757203305229e-01 7.801912112046825998e-01
3.464451321498790426e-01 3.468590356745883674e-01 7.811719150778015930e-01
3.464168772977928579e-01 3.478497589988017724e-01 7.821254328402844624e-01
3.464698133977415773e-01 3.564048673157477198e-01 8.150257700282118600e-01
3.470512087465787987e-01 3.045826631433812826e-01 7.902614275179520309e-01
3.470304350846430963e-01 3.244017051769824134e-01 7.781794390176101084e-01
3.470792966078133923e-01 3.342032332100706160e-01 7.782000790868645046e-01
3.473662870853270745e-01 3.488457258357545721e-01 7.831180932583761134e-01
3.475593619079159757e-01 3.495014321135418434e-01 8.199147945878904054e-01
3.474491479458776677e-01 3.554323793925260877e-01 8.151088646759546696e-01
3.486361523170302124e-01 3.134543861149099442e-01 8.330363345374457440e-01
3.479504210841301015e-01 3.146107309657136253e-01 7.820478822888139447e-01
3.479209972960828900e-01 3.165165975547184485e-01 7.811057199042379384e-01
3.482944222383708710e-01 3.458925260238530641e-01 7.802039693057427616e-01
3.483177007630801625e-01 3.488385452291369315e-01 7.831150206267072367e-01
3.484164257545301902e-01 3.534479937051115961e-01 8.161218979779382154e-01
3.489532345459973595e-01 3.082997459067191581e-01 7.874291290825895517e-01
3.496409028727757717e-01 3.144786746002895539e-01 8.320411358584101080e-01
3.489300896139693187e-01 3.253754956288463229e-01 7.781786374615224933e-01
3.500068800230835553e-01 3.352385764898243581e-01 7.782467029326237684e-01
3.501119172687230940e-01 3.429944331929707380e-01 7.792176545400109067e-01
3.501665566753578429e-01 3.458885850397559469e-01 7.802135211824527961e-01
3.503190861191847749e-01 3.565251007288803842e-01 8.090917835157289684e-01
3.511231470695097001e-01 3.468858210071806836e-01 7.812011718749971578e-01
3.511387106168762928e-01 3.478806857045131373e-01 7.821484775778015930e-01
3.513453784947833114e-01 3.555346111918591956e-01 8.101487688098466533e-01
3.518183299846088796e-01 3.273505966249133370e-01 7.781887905052982113e-01
3.519730303095062740e-01 3.430079260537778341e-01 7.792473121152503346e-01
3.521487380835315872e-01 3.497960039757169182e-01 7.860242684464746610e-01
3.523569088791027037e-01 3.536202614675945100e-01 8.111783008079656021e-01
3.523508972084460900e-01 3.545631920100876244e-01 8.102028738457562884e-01
3.528184047965103876e-01 3.283919515753237484e-01 7.781604020605307204e-01
3.527874780907990226e-01 3.293749599221944546e-01 7.781656789714403999e-01
3.529911735315479637e-01 3.450030325538633313e-01 7.802470529454486048e-01
3.530417383614043447e-01 3.469069286508195682e-01 7.821696520177811029e-01
3.531243988329330619e-01 3.488538081929706824e-01 7.850255295613857154e-01
3.531423002522217081e-01 3.498273982558127160e-01 7.870025676513309199e-01
3.532972009661409785e-01 3.546006981553510018e-01 8.082188889363856044e-01
3.541614454193728889e-01 2.950589744891405353e-01 8.127785407404212181e-01
3.541311866770678329e-01 2.951754005108573331e-01 8.176366385943882875e-01
3.536638460798550709e-01 3.235173550252211649e-01 7.800717793476373840e-01
3.537469073294275956e-01 3.351710453894481967e-01 7.782413592253734080e-01
3.539282259960657706e-01 3.420740130172696403e-01 7.792553276761258196e-01
3.540502629103954302e-01 3.479005910140206548e-01 7.840857718450724434e-01
3.540825255429194129e-01 3.488705740744686423e-01 7.860144493844021252e-01
3.540440174525465999e-01 3.498477377415343259e-01 7.879394531249971356e-01
3.541842229715274626e-01 3.546134562564111636e-01 8.041674904881982444e-01
3.542559288431930131e-01 3.546072775949029587e-01 8.061807321947646043e-01
3.551139278385760378e-01 2.950849916638156323e-01 8.127704583832050522e-01
3.550750523683297577e-01 2.959892471250844537e-01 8.099032254616933546e-01
3.547020616022559247e-01 3.332156827120371090e-01 7.781984091783488156e-01
3.548235641458605816e-01 3.401855802731690859e-01 7.792261376752708246e-01
3.549846769194583973e-01 3.440657129039830231e-01 7.802805179121039547e-01
3.551108552069070501e-01 3.537135091591129821e-01 8.022519718279724765e-01
3.552373674760589406e-01 3.536585691689453914e-01 8.052165270177810141e-01
3.552719011841642405e-01 3.536431058160897090e-01 8.061951602043404552e-01
3.560531845823345920e-01 2.950881978881658152e-01 8.136976583874799829e-01
3.560469057263154213e-01 2.951348551320953639e-01 8.166260767570080459e-01
3.559549605634392266e-01 2.969149442116952309e-01 8.079822295015360867e-01
3.560484086439795748e-01 2.980932650585659816e-01 8.235060330454826438e-01
3.559332517527347139e-01 3.431143994207409009e-01 7.802634848452434380e-01
3.559562964902517890e-01 3.440803413025808610e-01 7.812231478710642829e-01
3.559502180232545498e-01 3.469721552774440165e-01 7.850203862431572865e-01
3.561924883507169293e-01 3.516871085734426527e-01 8.082600354822132571e-01
3.562205762119515229e-01 3.527173753313085913e-01 8.052767773170286247e-01
3.562409490958434732e-01 3.526865822182784771e-01 8.062403145306058505e-01
3.569949461888667352e-01 2.950855260345406905e-01 8.156184539586154303e-01
3.568991268382339932e-01 3.431346721101218855e-01 7.812357055831025132e-01
3.569118181429535852e-01 3.440895925957579982e-01 7.821630391800588056e-01
3.580597466548379737e-01 3.030599403642260103e-01 8.274145541210640165e-01
3.578197808011273073e-01 3.392827609332237926e-01 7.801877377949698600e-01
3.588821432006655821e-01 2.960379416574031586e-01 8.127774052026304208e-01
3.589417255365069392e-01 2.960625895070954083e-01 8.156767671639847395e-01
3.588904927432442493e-01 2.971961902039148007e-01 8.225915911422678750e-01
3.589804340159015728e-01 3.020833778642260103e-01 8.264737276633007390e-01
3.588568607857374193e-01 3.470519435063257330e-01 7.888848217339232693e-01
3.588890232237504363e-01 3.489829589175774127e-01 7.928302143895320508e-01
3.590084216826252561e-01 3.499036796768113522e-01 7.966470908857700151e-01
3.590593204941847638e-01 3.498973006262812158e-01 7.985507197973638061e-01
3.590590199106519220e-01 3.498872811751868594e-01 8.005166696947645377e-01
3.599747643425089683e-01 2.988816288688429523e-01 8.060246959430545921e-01
3.599190895925944433e-01 3.020883541916029036e-01 8.255393804505783972e-01
3.599744637589761265e-01 3.040678303479811273e-01 8.264685843450723102e-01
3.600354154198003309e-01 3.058741035931076824e-01 8.264579637269122703e-01
3.595289321669788984e-01 3.254415238115583309e-01 7.810862821691147984e-01
3.598514916958776566e-01 3.480346846678339379e-01 7.918704845673706361e-01
3.609558021973311437e-01 2.989004320387301239e-01 8.070216313269464870e-01
3.608541715650636639e-01 3.008112749551117848e-01 8.030650836824526628e-01
3.606099307455527536e-01 3.303965431557785437e-01 7.810522828317345567e-01
3.607906816432955854e-01 3.461171955155596391e-01 7.898832934336497136e-01
3.618620281506484959e-01 2.979400008549921153e-01 8.109077756284170935e-01
3.619409146289316870e-01 2.989101175081213535e-01 8.080417450410367630e-01
3.617772301962196568e-01 3.001023319938429523e-01 8.216337984139847617e-01
3.618611597982203110e-01 3.018377009233915165e-01 8.020209900820765014e-01
3.619360384960657595e-01 3.059612060212882345e-01 8.245494586824525518e-01
3.619766840693386389e-01 3.077940642099852298e-01 8.245063750427467086e-01
3.617359500577107534e-01 3.384043556557785326e-01 7.830775478796141442e-01
3.617324766479980136e-01 3.390424610978099995e-01 8.142706373973979117e-01
3.618094928287435841e-01 3.451323502693215972e-01 7.898714036850177367e-01
3.618378812735110195e-01 3.461270479758024599e-01 7.918957335841284584e-01
3.628407615317189583e-01 2.980356866129435511e-01 8.157127703915839634e-01
3.628972712358913277e-01 3.008148485593354349e-01 8.051198727128904276e-01
3.628401269664829898e-01 3.041160907040857952e-01 8.236226594562213732e-01
3.628514823443899640e-01 3.059870896032820808e-01 8.236197204172337472e-01
3.628709200795130485e-01 3.068942507053682434e-01 8.235982787918917358e-01
3.626082100718181489e-01 3.284682663944926695e-01 7.820441416937387036e-01
3.626446474756314098e-01 3.333488746152518667e-01 7.820216981232872566e-01
3.626724347533331616e-01 3.344099010879775791e-01 7.820487506412420187e-01
3.627188248119002090e-01 3.364053081715959181e-01 7.830265154753733858e-01
3.627280427069070612e-01 3.403349702889864603e-01 7.850326099734924457e-01
3.628700517270848636e-01 3.420290590800261210e-01 8.102909114227057064e-01
3.638041651526149889e-01 3.000889059293764816e-01 8.186814669545113832e-01
3.638502880258194794e-01 3.018091454877724900e-01 8.041073737816318845e-01
3.637475886521019941e-01 3.403265539500671677e-01 7.860175888124116828e-01
3.638753366535554812e-01 3.421871660182956298e-01 7.889331822845389031e-01
3.648273181002039123e-01 3.010862420913121840e-01 8.167231986362829543e-01
3.648042733626867817e-01 3.010962615424065958e-01 8.176939498546482721e-01
3.648246128484083917e-01 3.027689087081042452e-01 8.040974879232187789e-01
3.645973382994173173e-01 3.275265381861308112e-01 7.830235764363857598e-01
3.646883817116949866e-01 3.344300067865070281e-01 7.839698801940806483e-01
3.645401940300089794e-01 3.372286064680220519e-01 8.123803677539300772e-01
3.648236109032989560e-01 3.412792701564625331e-01 7.899344594305717226e-01
3.656374575175260766e-01 3.102861020861821806e-01 7.953523106190122371e-01
3.655719971037093563e-01 3.254461661572320974e-01 7.840406843151476179e-01
3.657053225996054202e-01 3.344696504146704719e-01 7.849767014363856488e-01
3.657365832870199118e-01 3.393981850098312103e-01 7.889699202718849502e-01
3.665201043626012956e-01 3.205848620789147341e-01 7.870102492305033337e-01
3.665719383229296136e-01 3.244578808994516561e-01 7.850598628804691392e-01
3.666135524431416437e-01 3.324583124038120729e-01 7.849324154625484384e-01
3.666609110486477863e-01 3.345266610913975591e-01 7.859731692458932217e-01
3.665296228411409341e-01 3.383132120489898975e-01 8.093816796340600472e-01
3.665756121216642294e-01 3.393303867240924920e-01 8.083654401077262630e-01
3.666443121580014175e-01 3.403385104950398254e-01 8.054130418519123147e-01
3.677551687008365766e-01 3.075890328424236708e-01 8.051704375427467530e-01
3.677364991236307112e-01 3.085582811431247241e-01 8.031668813055716782e-01
3.675612255258194905e-01 3.216193036080700063e-01 7.870049723195936542e-01
3.675854058011272518e-01 3.264826783729468662e-01 7.850382208661053074e-01
3.674214875812230607e-01 3.295984270797696625e-01 8.113718098067685958e-01
3.674151753270335496e-01 3.354584032468353461e-01 8.094365194297166166e-01
3.676874038132681988e-01 3.374995324256143681e-01 7.919246563996209520e-01
3.676535046703988119e-01 3.393658221827963173e-01 8.015367834088548138e-01
3.676521019472456242e-01 3.393855938996225841e-01 8.025141474649424289e-01
3.676408467638495603e-01 3.393914385794276622e-01 8.034614531677467530e-01
3.676145624038119619e-01 3.393907706160213533e-01 8.044114307241763129e-01
3.685324109203987897e-01 3.159456224350193909e-01 7.936425246879246220e-01
3.685435659092838878e-01 3.293834096592840321e-01 7.859402386499629856e-01
3.685383557947148336e-01 3.304121734994858173e-01 7.859540654924732639e-01
3.685885532446977475e-01 3.325111483092498266e-01 7.869934165526647485e-01
3.686333067929193352e-01 3.345731847426458572e-01 7.890413255600177145e-01
3.684635438932100104e-01 3.345022136307272409e-01 8.084191443655921461e-01
3.685018849927312323e-01 3.364565409648585526e-01 8.073911486833076356e-01
3.686089261285896423e-01 3.375123907211854957e-01 8.015446653770491592e-01
3.685582611042223511e-01 3.374803284776834444e-01 8.053727636585128469e-01
3.685335798563598164e-01 3.374491679847799186e-01 8.063753767313582843e-01
3.695938047729979692e-01 3.113104907660727561e-01 8.071711883336154525e-01
3.695785752073345032e-01 3.113294275286411783e-01 8.081502222982187567e-01
3.694847931450910283e-01 3.132893991535556366e-01 8.111858487944567653e-01
3.694898028706382065e-01 3.142688338962026928e-01 8.111963358199355545e-01
3.694814199298892543e-01 3.206645501132854292e-01 7.898649244399766900e-01
3.695012584430561464e-01 3.225940626068730110e-01 7.888721972255443582e-01
3.695767717061375079e-01 3.264088684165514787e-01 7.880075853924390916e-01
3.695885612602585746e-01 3.314575696285043116e-01 7.880391132652160291e-01
3.695889286401320417e-01 3.355500478261786990e-01 8.024604432070764348e-01
3.705184999144993663e-01 3.142367048563600163e-01 8.092074747776988319e-01
3.705071779347626770e-01 3.160156249999988565e-01 7.993296319254417082e-01
3.704686364462195791e-01 3.216182014684496049e-01 7.908590543775620985e-01
3.706095433267770356e-01 3.294452630707067620e-01 7.890314397016046088e-01
3.705097829920472319e-01 3.295780541958777676e-01 8.064883293433623423e-01
3.705926438525978250e-01 3.314636814936718912e-01 7.899939081737318292e-01
3.705374032788974481e-01 3.315275721934837772e-01 8.054549231574869017e-01
3.705890368502038901e-01 3.325311872114385947e-01 7.919889812756469860e-01
3.705738406827107090e-01 3.325548999123620342e-01 8.044201142484581624e-01
3.706099775029911281e-01 3.335154312906110086e-01 7.948453263936360313e-01
3.705975533836340929e-01 3.335804241300432404e-01 8.014608359695594153e-01
3.705886360721600825e-01 3.335472597469208433e-01 8.024506909413445799e-01
3.715121288795301124e-01 3.218869899431417991e-01 8.073599547922337694e-01
3.714652044502380623e-01 3.225976028129263207e-01 7.928128473409684629e-01
3.715785912384562684e-01 3.305404892698346475e-01 7.938668267997577299e-01
3.715628273020677441e-01 3.315475442993319199e-01 7.957711904710983442e-01
3.715664677026320750e-01 3.315990442779571112e-01 7.976438926769807702e-01
3.724739627864213642e-01 3.179996767057102214e-01 8.032700148555033115e-01
3.724786051320951308e-01 3.180226880450570115e-01 8.043454359396345899e-01
3.724561281634733434e-01 3.218813122541883120e-01 8.054042915312898954e-01
3.724592341933126161e-01 3.228383368245542617e-01 8.054159808908999407e-01
3.724767014363871698e-01 3.246091412128066511e-01 7.956267767826579185e-01
3.724870214710144234e-01 3.266825330241096559e-01 8.034983915441147317e-01
3.725380204770848414e-01 3.276038549504092234e-01 7.957170854351887090e-01
3.724970075239384948e-01 3.276983383742293476e-01 8.024680579899081678e-01
3.725278340351388939e-01 3.285788811345747296e-01 7.966731414586154525e-01
3.725086968835485957e-01 3.286638126816848748e-01 7.995618160054690504e-01
3.733914773213050653e-01 3.207854180916541176e-01 8.013613094220217725e-01
3.734353959152688640e-01 3.208690137119516450e-01 8.033395498460983442e-01
3.734281151141402577e-01 3.218113764855494718e-01 8.033861068955169271e-01
3.734330246451765256e-01 3.236565585990925364e-01 7.994597511969875336e-01
3.734170603197661253e-01 3.236844794694755945e-01 8.024660540996892966e-01
3.734406394280082586e-01 3.246887290526664360e-01 8.014041258763651143e-01
