5.386887744741772899e-01 1.240905845214171355e-01 4.705212719626351153e-02
5.386957212936027695e-01 1.249482244864692920e-01 4.318683587738313817e-02
5.386615549653708257e-01 1.287618363115590470e-01 4.326205690647427771e-02
5.396448304976040333e-01 1.239918177822541684e-01 3.939212741669146506e-02
5.396574884041532849e-01 1.249633037603663510e-01 3.938885439600062904e-02
5.406260687414481403e-01 1.306272744153979537e-01 4.126385272609210675e-02
5.415586124529734313e-01 1.191586182642565828e-01 4.789043379547477941e-02
5.415505968920979463e-01 1.239136326655476128e-01 3.638535276483400444e-02
5.415810226252545379e-01 1.259043640053218727e-01 3.644369519360238230e-02
5.425117962337532296e-01 1.192169815668814165e-01 4.983403196739252111e-02
5.424913565535206539e-01 1.334711954140299639e-01 4.124935792017555419e-02
5.436288648362668230e-01 1.268633173200234832e-01 3.445812595852736776e-02
5.444742393232709921e-01 1.114410108156630719e-01 3.649190127768027481e-02
5.444654890026485727e-01 1.114472980212247999e-01 3.844035053383621642e-02
5.445995826564618003e-01 1.258633009549200432e-01 3.345660667575975356e-02
5.453823689722963053e-01 1.095802902033811005e-01 4.029110596705055836e-02
5.453543479074023370e-01 1.095841059443395521e-01 4.216195039970915132e-02
5.453549490744679096e-01 1.095344094669113699e-01 4.487592746718947756e-02
5.454518371665507681e-01 1.114385643996875230e-01 3.550061018457151968e-02
5.454314642826587622e-01 1.182215491006536473e-01 3.159684417348868762e-02
5.455839269301451244e-01 1.278484548002517540e-01 3.343267271195803081e-02
5.453459315684829889e-01 1.431451257374311004e-01 4.985703495719672612e-02
5.453344759960651045e-01 1.431441404914068072e-01 5.276957249674014971e-02
5.463835459238181036e-01 1.442065195900302521e-01 4.696212330203685531e-02
5.472746425059830111e-01 1.076713593322499579e-01 4.020141935544188638e-02
5.472358672302477522e-01 1.076625171666591579e-01 4.491864790179318778e-02
5.472743085242798289e-01 1.076498425610247500e-01 4.683167839833046048e-02
5.473082410653195007e-01 1.114402092595755261e-01 3.364337550631614493e-02
5.472561399196287368e-01 1.163834724478449989e-01 2.975892198721774573e-02
5.482326690214583964e-01 1.066911480821430835e-01 4.401561982328344030e-02
5.482201447075903955e-01 1.067010255910136457e-01 4.684575155234679128e-02
5.482591203723475859e-01 1.076462522577159298e-01 3.925218908307313154e-02
5.481831061367113955e-01 1.154150674509443475e-01 2.979458497095684513e-02
5.483125908430213080e-01 1.239884278679672380e-01 3.064661613078178276e-02
5.501495904048372410e-01 1.076383368913513550e-01 3.741592428100405654e-02
5.511218445408666566e-01 1.066518634843104940e-01 4.024737106302354178e-02
5.519850536508188465e-01 1.164176554751620296e-01 2.880876700300840504e-02
5.529694981190130809e-01 1.153834978304544429e-01 2.879740327555884924e-02
5.539567146353434612e-01 1.153730609022311226e-01 2.881581192955914861e-02
5.539332691197825786e-01 1.163759578595242039e-01 2.880832865202302348e-02
5.548868202804357885e-01 1.144310070617087227e-01 6.816761105559568379e-02
5.558139200901998089e-01 1.066972348986829217e-01 3.929992759276661890e-02
5.567521080925083021e-01 1.066777220176765989e-01 3.927912053266059689e-02
5.567692079557093887e-01 1.105991765347123235e-01 6.808411980458038693e-02
5.569013645156444259e-01 1.289398485593360733e-01 3.258641317344058985e-02
5.575746716291875016e-01 1.057605164158682970e-01 4.301244733108525869e-02
5.577526504787941874e-01 1.075944934432708222e-01 3.557802296858956353e-02
5.577153113243824567e-01 1.575345437275558758e-01 5.276074703023450607e-02
5.586771118331033126e-01 1.075913289666335093e-01 3.560618180093608892e-02
5.586384701500493044e-01 1.085672235032272143e-01 3.468573448922161739e-02
5.586184980442011616e-01 1.096961735048303244e-01 6.999219067282592965e-02
5.587248712166532627e-01 1.574780841206389614e-01 5.073294789618227468e-02
5.586876656549227826e-01 1.585031574630209883e-01 5.278354128147424995e-02
5.605432012012633303e-01 1.087167888594387372e-01 7.192930542493133905e-02
5.607361090330007514e-01 1.584912510153038134e-01 5.069413087273408336e-02
5.617907564551963828e-01 1.574927960146625672e-01 4.968334777247545436e-02
5.626047366621046431e-01 1.652352266533424208e-01 6.240135850397549727e-02
5.637388049333085238e-01 1.604360264727251462e-01 5.161640882165893091e-02
5.635472998247244014e-01 1.652612104298472329e-01 5.850276085974884938e-02
5.647232494015027582e-01 1.604039642292230949e-01 5.159618205476212971e-02
5.646776275008529300e-01 1.614385894483150730e-01 5.261053875924442264e-02
5.656213262012633747e-01 1.624148012675267760e-01 5.357992065262677517e-02
5.655156543903878674e-01 1.653143636179029707e-01 5.753717383346849956e-02
5.666874625940472310e-01 1.613707744634912122e-01 5.256879939589370609e-02
5.666357622264001082e-01 1.623840415526670022e-01 5.354937802587404067e-02
5.665688322930896303e-01 1.633759839100968891e-01 5.453703706796107081e-02
5.665515988372072931e-01 1.681602718076686820e-01 6.527291648854285921e-02
5.676193383421662686e-01 1.633591345331731615e-01 5.451286514219585294e-02
5.676147293946628425e-01 1.673146802325575500e-01 5.947875976562478489e-02
5.675490685918241907e-01 1.691692305328738877e-01 6.425922357269556184e-02
5.693123583917558683e-01 1.018795488307964875e-01 6.911244946856806570e-02
5.693104212978775669e-01 1.019317585205408438e-01 7.199522506358985163e-02
5.694429452376860157e-01 1.691541345598916724e-01 6.137968342542299977e-02
5.703203819681922360e-01 1.018234148560401564e-01 6.338324383736938794e-02
5.702839111662085791e-01 1.019217223703613034e-01 7.299320414030412152e-02
5.704265881497927460e-01 1.173660382689590553e-01 3.352782409918442924e-02
5.705003981061881335e-01 1.682196203563177950e-01 5.940955875673285813e-02
5.712916675572824454e-01 1.018338434347209054e-01 6.242006565412298175e-02
5.713638744015027138e-01 1.155136421506280098e-01 3.447744680005438572e-02
5.713859171939104087e-01 1.222968522892437515e-01 3.257366342192297842e-02
5.713625384746902069e-01 1.232392568105544484e-01 3.256297392003664609e-02
5.714663399880280936e-01 1.691126707314460353e-01 6.033551467916360017e-02
5.713768328915848072e-01 1.700912538207500768e-01 6.232181241182861015e-02
5.713903925487325841e-01 1.701131463213913231e-01 6.329655888631774419e-02
5.713437687029733203e-01 1.701159851658680666e-01 6.526777317031440262e-02
5.722550711781785315e-01 1.018789977609863007e-01 7.391381635548451012e-02
5.722097164628912047e-01 1.116455328611273418e-01 3.733858664286922313e-02
5.722226081566327283e-01 1.126655046329937820e-01 3.632008856526790924e-02
5.724982766544096657e-01 1.662602331993838223e-01 5.746506718375919698e-02
5.723857916167900406e-01 1.700853590436895435e-01 6.229559484813161629e-02
5.732379125341976467e-01 1.018264457399962186e-01 6.145760970630963216e-02
5.734335590159008733e-01 1.672338065631406578e-01 5.843890355810726217e-02
5.734274137525628978e-01 1.681728128206218253e-01 5.937742136734759646e-02
5.734270129745191458e-01 1.690953370810527323e-01 6.032637610481125789e-02
5.742613660653194119e-01 1.018393374337376589e-01 7.386536395990055126e-02
5.741748648042045433e-01 1.106823296292532011e-01 3.921173972405081476e-02
5.743615605762633081e-01 1.700602102214426314e-01 6.221794827692137680e-02
5.752511542407640066e-01 1.700815683513588195e-01 6.315722589453637292e-02
5.762292530565984450e-01 1.008536572332417725e-01 6.815552926748436047e-02
5.760869100547174604e-01 1.067612174434631883e-01 4.498130286930344945e-02
5.770363532404220175e-01 1.028169603256451486e-01 5.273470063216038201e-02
5.769658831010581190e-01 1.623940944019316990e-01 1.281134024853577968e-01
5.779628852812906947e-01 1.028326825143207612e-01 5.272752002554273454e-02
5.781386932498269182e-01 1.067567086904707141e-01 4.595968974435687970e-02
5.779794507737667786e-01 1.421859636841650287e-01 1.283906406971395964e-01
5.780130493331032682e-01 1.440050117294368881e-01 1.302856445312495226e-01
5.780148528343002079e-01 1.517212582025900813e-01 1.311145119725756203e-01
5.780040986234589173e-01 1.584046495596779514e-01 1.301480524190957999e-01
5.790371708276312868e-01 1.017914862052193697e-01 7.371509724211242065e-02
5.790936137354630864e-01 1.077560570921678729e-01 4.498052218707234567e-02
5.787397267228091557e-01 1.115829697385854469e-01 9.772461605463371448e-02
5.789367091313248892e-01 1.422073218140812167e-01 1.293951574656929393e-01
5.790086487901826562e-01 1.507006101177747748e-01 1.321314278118582708e-01
5.789539425872072265e-01 1.545503671126875478e-01 1.320507044342077996e-01
5.788974996793755379e-01 1.623012808866273193e-01 1.300544957945019287e-01
5.788302357643617668e-01 1.642292737634655497e-01 1.290825338924627697e-01
5.800592216355998643e-01 1.018319981858110262e-01 6.442183926395753102e-02
5.799999064851210084e-01 1.028517445200278491e-01 5.569042200592062841e-02
5.800413870126518434e-01 1.057840454268549613e-01 4.883713833121348935e-02
5.798686516757844966e-01 1.421819225055569458e-01 1.303141081219001962e-01
5.798479448101894196e-01 1.430559025254355410e-01 1.311830283189761026e-01
5.798939006925424300e-01 1.613043455027353967e-01 1.310396833719856824e-01
5.797527600247927015e-01 1.680469685148762715e-01 1.261488803597379249e-01
5.810017847982195116e-01 1.018371081058691702e-01 6.725372857173368690e-02
5.810472063098474083e-01 1.028398965191087283e-01 5.769802359647508566e-02
5.810182166980143448e-01 1.067245629515428812e-01 4.788235561302992688e-02
5.808138198956888099e-01 1.440125764150131660e-01 1.321162065957373899e-01
5.809580331951073040e-01 1.526202701511195081e-01 1.330953741530219170e-01
5.808874962594028357e-01 1.622958369848660487e-01 1.310587704263204978e-01
5.808901681130280714e-01 1.642231118010425150e-01 1.301193633907955227e-01
5.808631823914137682e-01 1.661625435512134874e-01 1.291339587252047227e-01
5.807895060276997423e-01 1.700283984642179391e-01 1.251821118731826776e-01
5.819396054206545932e-01 1.018216531025560589e-01 7.096921657243904225e-02
5.818951858541361322e-01 1.017837628783341136e-01 7.275309634436960549e-02
5.819068752137461775e-01 1.507071728582415893e-01 1.331160726690744089e-01
5.818152306344028801e-01 1.680681095566854411e-01 1.281762995896028323e-01
5.817705438825218067e-01 1.700542987452969279e-01 1.261660804174499495e-01
5.817207138124124155e-01 1.709655177250763436e-01 1.242641882107126255e-01
5.830160952462359880e-01 1.038074665617515074e-01 5.575976495703639096e-02
5.825999540441155755e-01 1.047107284274534506e-01 9.180628493448582395e-02
5.827332795400116394e-01 1.430766260901157605e-01 1.321308683925055127e-01
5.828039500683973584e-01 1.488569309218958359e-01 1.330871582031245282e-01
5.828516426556066277e-01 1.535465851038811114e-01 1.330533091575106519e-01
5.828098949427134023e-01 1.670782879830705336e-01 1.291621718295780374e-01
5.828304682156272287e-01 1.690895925957586199e-01 1.271705554382904224e-01
5.827776323101894196e-01 1.700330241108065077e-01 1.262073522064162678e-01
5.826651472725696834e-01 1.719012843600370155e-01 1.224090450928731894e-01
5.839634677453809930e-01 1.028409235128459054e-01 6.344215403503311590e-02
5.838643419758871023e-01 1.432657933267778849e-01 4.109616886248489143e-02
5.837716286550936884e-01 1.488608552069078106e-01 1.330773307915094350e-01
5.838535209687051308e-01 1.623020490445445663e-01 1.310782666082416781e-01
5.838198556130279604e-01 1.651526162790691865e-01 1.301255337027611703e-01
5.837468472127201879e-01 1.700142877372599892e-01 1.262234751731356741e-01
5.837045651291018489e-01 1.709883453744864001e-01 1.243163394536589278e-01
5.846500005343686635e-01 1.046999825661547173e-01 9.087502705251762625e-02
5.847065770348816027e-01 1.497832458746574669e-01 1.330796436148037332e-01
5.847054414970909164e-01 1.526228585093188928e-01 1.330881017014359236e-01
5.847721042450388929e-01 1.651115031314118464e-01 1.301352692694078828e-01
5.846878072631648271e-01 1.709643821872856295e-01 1.243381234102466509e-01
5.846481302368310429e-01 1.719118882791119129e-01 1.224393539324337282e-01
5.847526665099158638e-01 1.728854115456132656e-01 1.129421834254228235e-01
5.847403759832400238e-01 1.729144011574463846e-01 1.138668869164667641e-01
5.858642244143276168e-01 1.038351202467720225e-01 5.862247242647038170e-02
5.856733204728090669e-01 1.507420572471352416e-01 1.330808960461905277e-01
5.856639021887803942e-01 1.516948903471266874e-01 1.330996407692796313e-01
5.857457277060512668e-01 1.651107850707500824e-01 1.301171090142992925e-01
5.857242192843685746e-01 1.671138069372001544e-01 1.281760157051551607e-01
5.857804618031784427e-01 1.728867975696813108e-01 1.129176942170396075e-01
5.857140662405929676e-01 1.728916570034620959e-01 1.147878832106057762e-01
5.856492737901826118e-01 1.728562048456731282e-01 1.186235127794754707e-01
5.868172078060854835e-01 1.038230468082032842e-01 6.061117482739803580e-02
5.867168129061196558e-01 1.153974165179330741e-01 4.118512906388921424e-02
5.865896994699021372e-01 1.421487581224345209e-01 1.321071640411246861e-01
5.867035872306750610e-01 1.641533597223403806e-01 1.301364632539966371e-01
5.866899607771867142e-01 1.680867958329764766e-01 1.262696982408511304e-01
5.866889588320772786e-01 1.718911647144316657e-01 1.214636096876064442e-01
5.867208206865573983e-01 1.728414428543940395e-01 1.157224809096054352e-01
5.866695878932947084e-01 1.728569563045052049e-01 1.167141477321302218e-01
5.866317143681579749e-01 1.728596949544709827e-01 1.176884976033468755e-01
5.866490146203808820e-01 1.728501931750164866e-01 1.195640136050782343e-01
5.878106029839240687e-01 1.057474994789881634e-01 5.664198180066883082e-02
5.877498851102920252e-01 1.095811251576389728e-01 4.793717036005882420e-02
5.876641186089239799e-01 1.144171301219429893e-01 4.210562021070222288e-02
5.875590479651141562e-01 1.421458190834468116e-01 1.321157724195232974e-01
5.876897016073849844e-01 1.699739928447753790e-01 1.234139876880980535e-01
5.877124791595396136e-01 1.709235195259056761e-01 1.224339517783853415e-01
5.877018585413795737e-01 1.718556958575575278e-01 1.205397244517352057e-01
5.885863088876518434e-01 1.056668011499654197e-01 9.269267237463629794e-02
5.887364002650458117e-01 1.066718522892438070e-01 5.568322887498911022e-02
5.886600520477065501e-01 1.095790544710794623e-01 4.885269770380881726e-02
5.886804917279390148e-01 1.575354621772395158e-01 5.444197752570303916e-02
5.887061415227407002e-01 1.584753200880637258e-01 5.539250197717148633e-02
5.886826960071798176e-01 1.661767878708526880e-01 1.262584096592847815e-01
5.895912598324192233e-01 1.105149713978065412e-01 4.793111276691800621e-02
5.895702189851209640e-01 1.114706099441044179e-01 4.693632739024008321e-02
5.895700185960991435e-01 1.124358588139103415e-01 4.596062906789698255e-02
5.894330193014685193e-01 1.182434249022097372e-01 4.109897848356260791e-02
5.894535925743823457e-01 1.357765041199978095e-01 4.113410500919102708e-02
5.905173242989034676e-01 1.076419856414582293e-01 9.665352838310072026e-02
5.905089079599842306e-01 1.114331204979262385e-01 4.791735689551966659e-02
5.906364889705860710e-01 1.623470196808732280e-01 6.124403258191881555e-02
5.906272042792386490e-01 1.622449381733065410e-01 1.282411087390983861e-01
5.915690326821114731e-01 1.603876826211947104e-01 5.924499762205006487e-02
5.915851973965436938e-01 1.612966639235630384e-01 1.282444903038427453e-01
5.924395225931921027e-01 1.086114176320960578e-01 9.762837087732950669e-02
5.923503494784519985e-01 1.153066736891882049e-01 4.588861008838475419e-02
5.932992582934315529e-01 1.162826350221225352e-01 4.588339162427309409e-02
5.933295838320772342e-01 1.191260884463701264e-01 4.309643120511270215e-02
5.933152894151825230e-01 1.201232158697413677e-01 4.210682671960484097e-02
5.933582394622072265e-01 1.221356393211349978e-01 4.207635923873531691e-02
5.930842408729458670e-01 1.251142467911033618e-01 1.225838344172148486e-01
5.931593867561538724e-01 1.298863944537657911e-01 1.273694415425140891e-01
5.931983290227407224e-01 1.317357429890556042e-01 1.283117208206860926e-01
5.933777439936709364e-01 1.470155228015982973e-01 1.320810132737683384e-01
5.934017906762975025e-01 1.479416373653380523e-01 1.320904232082544816e-01
5.934389294416873017e-01 1.594425311003756229e-01 1.282555367486742925e-01
5.943765496751004518e-01 1.086382363628587144e-01 9.662003001827512705e-02
5.943687345032468983e-01 1.231461009640043430e-01 4.304975726209799708e-02
5.941793000812222170e-01 1.317573349061640364e-01 1.283225251287828939e-01
5.943432183011264636e-01 1.367271830380039632e-01 4.499341805558507851e-02
5.943708719861470202e-01 1.527527105955021891e-01 1.310889707218275135e-01
5.953030817159691290e-01 1.211261211765770340e-01 4.403738290601472150e-02
5.951378275692522646e-01 1.299114514310443502e-01 1.274058789463273500e-01
5.953074902744506236e-01 1.546594455369351417e-01 1.301647849024234471e-01
5.953365466826243679e-01 1.566105332485459578e-01 1.291794720818010000e-01
5.960511339346763471e-01 1.260705616503501048e-01 1.244866283745506841e-01
5.960773848965437161e-01 1.270230941668087088e-01 1.254758237324721803e-01
5.960911449427133135e-01 1.299308975157100476e-01 1.273968781394275440e-01
5.963314781762975025e-01 1.556330355997771475e-01 1.291684840837674930e-01
5.963388925701073040e-01 1.565940345524105271e-01 5.838440609369635603e-02
5.963602006027680646e-01 1.566050893467846594e-01 1.281817685399918583e-01
5.963716227770156086e-01 1.575503577611998551e-01 5.936938910738692732e-02
5.963755637611127813e-01 1.584956595737853358e-01 6.032860960745104612e-02
5.970257593407981567e-01 1.241095964298687404e-01 1.225698238847678645e-01
5.973591398768788308e-01 1.565485629435271475e-01 5.940777612939231178e-02
5.979707939680211082e-01 1.241213108381065966e-01 1.225800437248841385e-01
5.980991765347105638e-01 1.252048727262521088e-01 4.674927258785038092e-02
5.982991647785546041e-01 1.527598244057792043e-01 1.291297338566599340e-01
5.983181349392933113e-01 1.546370019664837225e-01 1.281604438082459552e-01
5.983228106831374182e-01 1.556218138145514240e-01 1.272026677790479288e-01
5.990927053052303997e-01 1.281530127153509557e-01 4.777078485032258681e-02
5.990617118031784649e-01 1.337137496259400149e-01 1.292108747114393552e-01
5.991592344604971254e-01 1.348232034456219586e-01 4.970518600108993906e-02
5.992482071862154092e-01 1.527879957624395935e-01 1.281840897128287138e-01
6.001079428864547483e-01 1.242108930804330380e-01 4.968002882930043496e-02
5.999463625384725551e-01 1.270663280982810006e-01 1.254937251517608265e-01
5.999788923563590393e-01 1.318029150591009391e-01 1.282876824876021393e-01
6.000823598879937437e-01 1.339063318255167834e-01 5.063241522876392453e-02
6.002725958661059291e-01 1.516799446659108930e-01 5.847030618774560345e-02
6.001983851316667895e-01 1.528041103796164146e-01 1.262697065903936877e-01
6.002246360935340475e-01 1.566265309721266707e-01 1.242888110117770922e-01
6.001975167792386046e-01 1.575928569329252127e-01 1.233687832645771892e-01
6.006686981660375180e-01 1.662827435661758668e-01 9.212188094487398782e-02
6.011723425743822347e-01 1.231143810517480175e-01 5.175209723810472034e-02
6.012754093279731871e-01 1.497423164169368881e-01 5.842146136366044296e-02
6.018667573315641395e-01 1.261543576596695082e-01 1.245335862020130607e-01
6.020910594433972474e-01 1.528425349745634043e-01 1.224503836781801330e-01
6.028481959644301780e-01 1.202896055542488907e-01 1.158149938413769731e-01
6.028358386414136572e-01 1.309632516592206253e-01 1.273421468878244422e-01
6.028521369485272396e-01 1.319049631684973134e-01 1.273432490274448159e-01
6.031299429292044101e-01 1.461167947375165699e-01 5.844004744544054053e-02
6.035506262824875678e-01 1.624214308043342436e-01 7.975663421255101138e-02
6.040077804377543824e-01 1.105826444404065800e-01 8.893133703563152470e-02
6.037923622392249445e-01 1.202856478710666033e-01 1.148891047152868633e-01
6.038044523768788530e-01 1.212764296420780485e-01 1.167675764550910600e-01
6.037254323059143557e-01 1.261398628537529765e-01 1.235721363740804463e-01
6.037196878206202433e-01 1.270891139999781594e-01 1.244891165382391168e-01
6.042125780181236694e-01 1.535960143959467783e-01 6.450589828386818492e-02
6.042149158900457229e-01 1.546018503922275689e-01 6.548237311367111069e-02
6.047755375769472419e-01 1.212753191529150898e-01 1.158248463016197938e-01
6.047224344861469314e-01 1.222631117876833845e-01 1.177456084745849008e-01
6.046880343707228267e-01 1.271135781597336478e-01 1.235562221459255150e-01
6.047082736619335819e-01 1.280892305595925651e-01 1.244838479768719947e-01
6.047244383763658027e-01 1.290482673697199434e-01 1.244813347645558066e-01
6.053439076393617446e-01 1.595936745201345097e-01 7.602412149452776602e-02
6.056825650863520982e-01 1.222427806515043458e-01 1.167558453477680475e-01
6.056573160695942759e-01 1.281152393847250770e-01 1.216436926219429671e-01
6.056591863671318965e-01 1.300275601701431638e-01 1.216926042423687460e-01
6.062779208703809042e-01 1.596714421597121569e-01 7.976797289137282920e-02
6.067963940663453348e-01 1.094181086883332238e-01 7.376033506380359761e-02
6.066871820494164069e-01 1.232296214384186739e-01 1.167838580631194584e-01
6.071193543732877895e-01 1.634552377682535196e-01 1.003407698812624621e-01
6.079968579001345796e-01 1.470976489024020117e-01 6.445424383870530793e-02
6.087315508507160633e-01 1.142645171826902478e-01 6.926823523400069127e-02
6.087380300957569990e-01 1.300087736993411902e-01 1.109075752393976905e-01
6.087554639406612678e-01 1.319197585579466869e-01 1.119312041109135902e-01
6.089072252265710361e-01 1.424931099574635873e-01 6.443843397983262111e-02
6.096015063910716902e-01 1.105680911876919803e-01 8.033236022197731696e-02
6.097332955711332048e-01 1.152683910364650510e-01 6.924151669774898654e-02
6.106024495554013276e-01 1.115736516490676566e-01 7.839251099467738071e-02
6.106187478625149101e-01 1.116284914447242954e-01 8.234960970898140553e-02
6.106357141330347460e-01 1.133447733199380303e-01 7.381295388113430500e-02
6.106938937457228045e-01 1.142764904267480480e-01 7.206856744560080630e-02
6.107404507951414985e-01 1.172735754344429865e-01 6.921903972912722691e-02
6.116028583490060733e-01 1.125523599815103637e-01 7.843673852171655081e-02
6.116139465415504350e-01 1.125887890357810672e-01 7.937794070889592213e-02
6.116186222853945420e-01 1.126211184646456337e-01 8.034809076019550078e-02
6.116255023084793407e-01 1.126748060234264159e-01 8.136640932263138060e-02
6.116786053992796512e-01 1.152670467601098758e-01 7.208013156207224159e-02
6.118923536892932891e-01 1.252019169881792848e-01 9.175173737281944186e-02
6.119670319981168616e-01 1.528409819596437680e-01 7.971775874230477288e-02
6.129206833532809817e-01 1.471769361587289549e-01 8.812565627404636559e-02
6.128776665099157084e-01 1.490775759340794981e-01 8.723094433994496577e-02
6.128742598965436494e-01 1.500160478208356352e-01 8.627396986683451285e-02
6.146333415270155420e-01 1.300039643628158881e-01 8.063412938985521639e-02
6.146196482771866254e-01 1.309328593242343186e-01 8.155365616450038768e-02
6.146607948230141671e-01 1.396574299573567213e-01 7.784701867892841742e-02
6.156026232258869912e-01 1.280724145808391501e-01 7.227270541210643884e-02
6.156049610978090447e-01 1.280692334051166670e-01 7.323416358958165229e-02
6.156450389021865810e-01 1.290671206368625701e-01 7.129689437093852944e-02
