8.577373541167889748e-01 4.724301443869682315e-01 8.991305788303661783e-01
8.606156752308450342e-01 4.753814071049914380e-01 8.980445371280747491e-01
8.606084612260571642e-01 4.763576022251179709e-01 8.980297751367957160e-01
8.605639080668573415e-01 4.763484845246220845e-01 8.990860924675070365e-01
8.614974537234921792e-01 4.773338307434148442e-01 9.000804227941143765e-01
8.634497771674045641e-01 4.773512311901487726e-01 9.020525179548530836e-01
8.644716943826918909e-01 4.743872103710653487e-01 8.980279048392580954e-01
8.663974328830338356e-01 4.802888006583430069e-01 8.970639668476370066e-01
8.664029769793060165e-01 4.813062759169784433e-01 8.980709884789639386e-01
8.674554201222609562e-01 4.813147590522383612e-01 8.970539473965426502e-01
8.684348548649080124e-01 4.793313419117629648e-01 8.960739114868299104e-01
8.683172933054004172e-01 4.851836364996562900e-01 9.009881182669255972e-01
8.693794887140872119e-01 4.822865122157130591e-01 8.970361795699351992e-01
8.701531239312554344e-01 4.861071961033669453e-01 9.018752404668229916e-01
8.712491850846412200e-01 4.822498076265372413e-01 8.970145375555713674e-01
8.721626918390871230e-01 4.812881741086679210e-01 8.970068559763989535e-01
8.738609220032458325e-01 4.869853341954497039e-01 9.047060025863510324e-01
8.738671340629243778e-01 4.879674407917219403e-01 9.036888947075890632e-01
8.944600451008859476e-01 4.450725007481174389e-01 9.408645316774931766e-01
9.012368010430884535e-01 4.373024498225873691e-01 9.457933668561867568e-01
9.012026681130268502e-01 4.382802814530593061e-01 9.477361384233892183e-01
9.022708751923702586e-01 4.633277068549059852e-01 9.488082864868296884e-01
9.032899201650104182e-01 4.614829255194066726e-01 9.507513920357353321e-01
9.107642970887450673e-01 4.726549474713560572e-01 9.516510719476709568e-01
9.108432503633688837e-01 4.794892484610105976e-01 9.448228160268433706e-01
9.108200052368298216e-01 4.804878871515885774e-01 9.428668855805369953e-01
9.126269798435330260e-01 4.374795269215955851e-01 9.619311623631976449e-01
9.126804837123770886e-01 4.745967838897897084e-01 9.516115953103591041e-01
9.126970492048530614e-01 4.804624043476384831e-01 9.438494597511936091e-01
9.136478283173702364e-01 4.794739520990065063e-01 9.457848169245862691e-01
9.145064284798188892e-01 4.210628900906277505e-01 9.483023710029035991e-01
9.145777001752702917e-01 4.736431993309661581e-01 9.525430702804343897e-01
9.146046858968845950e-01 4.765411251709969487e-01 9.496929372221237786e-01
9.154507951436355873e-01 4.210846656976728886e-01 9.492763284456190442e-01
9.154912737260568756e-01 4.239708353817529529e-01 9.561070558310499345e-01
9.155371628120692051e-01 4.345189461140545051e-01 9.648437499999965583e-01
9.156036919673359309e-01 4.365261093536236259e-01 9.648798868202770329e-01
9.156202574598120147e-01 4.804713216591124936e-01 9.448218140817339350e-01
9.164019082378558334e-01 4.229918014171496488e-01 9.561060538859404989e-01
9.164926844647709459e-01 4.345642674311714915e-01 9.657800343065970905e-01
9.165723724991416965e-01 4.385903500662604038e-01 9.648741423349829205e-01
9.165264834131293670e-01 4.736679473751693181e-01 9.525615728667886639e-01
9.165904075111116489e-01 4.756156284734079920e-01 9.506117876838201530e-01
9.166151221571444685e-01 4.804631725055557578e-01 9.448297628462688502e-01
9.165996254061185011e-01 4.814634811046494267e-01 9.428331534285191440e-01
9.175496029625480610e-01 4.736852142292219958e-01 9.525624412192168489e-01
9.175528759832388692e-01 4.746439421062739750e-01 9.515771951949349994e-01
9.184163522785534495e-01 4.326674183481516445e-01 9.667781720246203525e-01
9.184539586183277926e-01 4.355882887311885998e-01 9.667857200111114047e-01
9.185281025564262514e-01 4.784920124935858610e-01 9.468030603411389245e-01
9.184554281378216611e-01 4.814470158066843086e-01 9.428674199512619980e-01
9.194818875042716222e-01 4.747032572567527198e-01 9.149520268681567980e-01
9.194090794929857813e-01 4.814292813782472535e-01 9.429123738885054617e-01
9.202589961311526956e-01 4.317206470160723231e-01 9.676839971998939527e-01
9.204265881497915025e-01 4.756823246195263644e-01 9.159047430745521634e-01
9.204147651975000954e-01 4.795576145156446590e-01 9.178563317587176140e-01
9.204251186302976340e-01 4.805337762376008515e-01 9.188576757010911145e-01
9.212296137568366516e-01 4.297359941432953301e-01 9.667129787961661336e-01
9.212268083105301653e-01 4.307004999038117066e-01 9.676506658259199645e-01
9.214118341740733520e-01 4.746934715928505799e-01 9.158891127308448343e-01
9.213288731190117931e-01 4.766326027594887105e-01 9.168249294630610446e-01
9.213623380856670320e-01 4.786276758614039228e-01 9.178546618502019250e-01
9.213700864611800156e-01 4.795803920677992327e-01 9.188200693613167713e-01
9.213025553608038543e-01 4.814586717681241246e-01 9.409956528941484377e-01
9.231363820964398892e-01 4.317246881946804060e-01 9.695800113286558997e-01
9.241367908900445238e-01 4.337420044780251338e-01 9.695934373931224259e-01
9.250944500256464975e-01 4.307406779027002086e-01 9.705003981061867124e-01
9.250979902316998071e-01 4.317556816967323963e-01 9.705390731874110610e-01
9.253571600333414526e-01 4.776517145284695509e-01 9.216983236790322609e-01
9.253232274923017808e-01 4.786416028984251114e-01 9.236839784969187450e-01
9.253866840158995188e-01 4.795565123760242576e-01 9.265916900008517310e-01
9.260839042193879100e-01 4.327652415890032578e-01 9.705479571007147310e-01
9.260174418604617541e-01 4.670751485550598825e-01 9.544846395135054840e-01
9.264011200410363633e-01 4.785987196477410888e-01 9.256761793561868457e-01
9.269720951607354209e-01 4.288081595737843754e-01 9.704476957934301540e-01
9.270175166723633176e-01 4.307780170571119949e-01 9.714554521845040203e-01
9.270692838363510102e-01 4.337717956459457569e-01 9.705526328445587270e-01
9.272225146417545361e-01 4.795786553629428628e-01 9.333478058737996186e-01
9.280126485550582727e-01 4.298159827611988670e-01 9.714651376538953054e-01
9.280477834302292006e-01 4.317985983455867038e-01 9.714823043134369618e-01
9.280685570921649585e-01 4.347483915441160973e-01 9.705242443997913471e-01
9.279083126709952722e-01 4.690069655223991218e-01 9.525631759789637831e-01
9.288641683054001952e-01 4.278475280010244353e-01 9.695272422195587714e-01
9.290221416509885088e-01 4.317894806450908174e-01 9.714736875854957932e-01
9.292453082250308194e-01 4.785705983883361547e-01 9.314346250854960152e-01
9.292213951350856149e-01 4.786132478518279609e-01 9.332448727128899169e-01
9.299717184293742056e-01 4.308333578253233376e-01 9.714604619100511984e-01
9.307425482002360528e-01 4.269512213042905291e-01 9.686414559464739948e-01
9.310345150051265728e-01 4.776463040248785652e-01 9.391583527487996630e-01
9.310021187799214504e-01 4.776766295635243020e-01 9.410040692330677858e-01
9.318060127393947845e-01 4.279863307968521102e-01 9.696038576222605343e-01
9.318891073871375941e-01 4.767816921917732431e-01 9.418858477257148198e-01
9.326924001795452446e-01 4.260271941261954409e-01 9.677206015945587492e-01
9.328843728625137999e-01 4.585120914735790754e-01 9.572987025478761902e-01
9.336449827932593593e-01 4.250679986747590844e-01 9.667737634661388579e-01
9.338220598922675197e-01 4.758201588684148331e-01 9.399883640774590043e-01
9.338302090458242555e-01 4.758281076329497483e-01 9.409229116792031666e-01
9.346704402145998847e-01 4.230289735807098439e-01 9.647441566561183457e-01
9.347338299418571639e-01 4.700191304719545382e-01 9.467977166338885642e-01
9.348187280907969132e-01 4.720005437222110078e-01 9.447248925914808471e-01
9.349264705882319726e-01 4.738549437307609802e-01 9.322145391586833529e-01
9.356658392826573412e-01 4.230450381006311544e-01 9.647675353753385474e-01
9.357061174760568090e-01 4.251184633101044996e-01 9.667517874700717329e-01
9.365923045271854486e-01 4.230645760302652603e-01 9.647815626068706463e-01
9.366527552154548797e-01 4.240820512889006966e-01 9.657804350846408425e-01
9.367042551940800710e-01 4.594596309635756715e-01 9.553947396545793280e-01
9.375921789500650805e-01 4.440361889214245461e-01 9.111404272828285134e-01
9.375710713064261403e-01 4.730094690492459009e-01 9.370763776077257745e-01
9.375911770049556448e-01 4.729942728817527753e-01 9.390371173905575075e-01
9.395042909969186784e-01 4.711012645883190797e-01 9.380717098794426612e-01
9.444742727214398004e-01 4.454204762846256105e-01 9.581434758678146757e-01
9.455515641031088103e-01 4.632540304911919038e-01 9.448535423435329150e-01
9.511491642441826100e-01 4.576301793882507352e-01 9.457103390047846281e-01
9.521098960114534604e-01 4.565777696434661914e-01 9.457098714304001952e-01
9.529095818014672314e-01 4.253180841740750728e-01 9.591002666509883534e-01
9.531084345075204745e-01 4.565645105698513118e-01 9.447208848110431045e-01
9.531185207549555116e-01 4.575650863543075375e-01 9.427772448914124581e-01
9.537658440919938307e-01 4.213343504189451250e-01 9.582420004702427718e-01
9.538860775051265506e-01 4.311472004317700168e-01 9.590547115466792061e-01
9.539035781463713892e-01 4.321113054142426413e-01 9.590251207677804590e-01
9.539534750128214613e-01 4.369495647550428741e-01 9.571051935490731966e-01
9.541203990680540148e-01 4.565799405245366538e-01 9.427761761499624527e-01
9.548663806002017918e-01 4.423788047195606477e-01 9.526284360037585719e-01
9.550815984097092981e-01 4.556512376025975697e-01 9.388838197888133008e-01
9.550512060747229359e-01 4.556322674418588070e-01 9.427872643425069255e-01
9.555819030010225257e-01 4.106041528620881231e-01 9.494670987944562324e-01
9.557915767142578511e-01 4.223630140646359443e-01 9.572224211268776095e-01
9.559995137226368067e-01 4.547334558823513118e-01 9.398620521973291009e-01
9.566159771503043308e-01 4.106040526675772129e-01 9.494775190235944518e-01
9.565373578573836966e-01 4.164538423926968935e-01 9.553409686003727641e-01
9.566167787063919459e-01 4.183888321862160309e-01 9.563077788346409092e-01
9.569370003633687061e-01 4.537944329257849740e-01 9.418287368544767668e-01
9.576215960584780751e-01 4.087386646609937335e-01 9.457118753206190664e-01
9.576163191475683956e-01 4.154964170442871363e-01 9.543207212936012374e-01
9.586455171639842732e-01 4.097149599756312321e-01 9.475698823315629182e-01
9.586049049888816231e-01 4.164339036850190356e-01 9.543052245425752700e-01
9.616159504317680629e-01 4.097786168882509017e-01 9.466341323956874998e-01
9.624286615082044971e-01 4.077851802966811490e-01 9.398206384661389468e-01
9.624441582592304645e-01 4.077840781570608031e-01 9.407985368929514536e-01
9.625153631583412972e-01 4.482088227278540615e-01 9.350668764962346557e-01
9.643724350205163942e-01 4.078071562927482185e-01 9.418117037876163611e-01
9.699870682284507106e-01 4.078525778043761152e-01 9.319070756027668656e-01
9.700340260559130456e-01 4.078063547366606589e-01 9.369712401675752700e-01
9.700457822118638829e-01 4.078073900799403795e-01 9.379973655523222709e-01
9.699752452761593036e-01 4.088071309101387607e-01 9.290929457720554785e-01
9.709246216655231798e-01 4.087812139299745740e-01 9.291179943997914803e-01
9.727984594091962922e-01 4.097395076308124606e-01 9.262331940406943742e-01
9.738221801256805588e-01 4.087941390218863824e-01 9.380302293519118262e-01
9.746572679762276481e-01 4.088041584729807387e-01 9.319927085114535492e-01
9.747801732429856036e-01 4.087778741129431404e-01 9.370159269194563434e-01
9.747408301983548906e-01 4.097711356981004749e-01 9.390345123332729527e-01
9.746088406292714446e-01 4.107549789992290257e-01 9.252750005343673978e-01
9.755552111833070139e-01 4.097524995190648944e-01 9.262798178864536380e-01
9.755407831737311630e-01 4.107598217339246682e-01 9.252921671939091652e-01
9.765158761542372945e-01 4.117241939017597940e-01 9.252922339902497351e-01
9.784477599179171037e-01 4.117417279411749731e-01 9.262508950709611444e-01
9.784831619784506440e-01 4.299888182925771241e-01 9.263812147315287904e-01
9.785272475632660338e-01 4.310989066774950640e-01 9.283891795271854708e-01
9.785326580668569640e-01 4.311440276055901188e-01 9.294066881839911920e-01
9.793945312499965361e-01 4.097000977898412333e-01 9.341093509533140438e-01
9.794575201992099522e-01 4.221551438525976696e-01 9.253762637867614105e-01
9.794578541809130234e-01 4.269668850461680876e-01 9.263464138380609336e-01
9.794549151419253974e-01 4.300891463962022709e-01 9.283300647657285465e-01
9.803287448700375162e-01 4.107363094220231603e-01 9.300760543134372060e-01
9.804029556044766558e-01 4.107130308973138688e-01 9.361721555446272935e-01
9.804821760644629736e-01 4.126851594562228609e-01 9.400304457720554119e-01
9.804938654240731299e-01 4.289894114440819251e-01 9.283289292279378602e-01
9.805381513979103403e-01 4.290744765838732655e-01 9.314139850162415080e-01
9.813823903471237120e-01 4.126585411144820803e-01 9.391015090629241113e-01
9.813962839859745602e-01 4.136679674140716911e-01 9.410098805147024681e-01
9.813865317202427052e-01 4.156039257545299792e-01 9.419887808866245216e-01
9.823029775136763453e-01 4.116775032596599604e-01 9.361976717467477282e-01
9.822294347426435701e-01 4.126488890432611911e-01 9.300737832378557224e-01
9.823506701008857256e-01 4.136322647700053645e-01 9.400697220203454441e-01
9.823467291167885529e-01 4.146164754510073824e-01 9.410211690962688724e-01
9.823814632139157288e-01 4.231629336418418763e-01 9.273201708917545583e-01
9.832550257566654572e-01 4.126548005194068947e-01 9.372011531720212396e-01
9.833212877265696816e-01 4.175566833746565121e-01 9.410160925743810134e-01
9.832894926684301318e-01 4.195487506412433620e-01 9.410402728496888303e-01
9.832540906078965914e-01 4.233996932712023042e-01 9.372826447075889300e-01
9.833707838149760017e-01 4.241687195408671562e-01 9.283119629574180243e-01
9.832719252308446123e-01 4.243626627158842424e-01 9.353100151761252201e-01
9.833783318014670538e-01 4.251480874871735871e-01 9.293107686388475397e-01
9.833756599478419291e-01 4.251837901312399137e-01 9.302812526718502451e-01
9.842132860593330035e-01 4.126310210221428298e-01 9.341611849136423062e-01
9.842509591954479164e-01 4.136560776654397142e-01 9.362338085670280918e-01
9.841191032190457211e-01 4.145632387675258768e-01 9.300514732600856371e-01
9.840869073828624192e-01 4.154776472725703051e-01 9.291211338278010379e-01
9.842448807284506218e-01 4.205048734610107863e-01 9.391717120169255084e-01
9.842067400179513870e-01 4.214854437414485844e-01 9.382188622178488924e-01
9.851508394964054727e-01 4.145638065364212199e-01 9.321399276462004613e-01
9.851714795656599799e-01 4.145763976466298462e-01 9.331770076308105732e-01
9.852005359738337242e-01 4.146184793412263092e-01 9.352482953573837410e-01
9.851318693356667655e-01 4.164637616492803396e-01 9.311325720331703470e-01
9.851162389919595475e-01 4.184998477043418430e-01 9.301609524623769554e-01
9.851855735935327596e-01 4.184986787683808718e-01 9.391423884233892627e-01
9.851623284669936975e-01 4.195290457207577206e-01 9.301760484353591707e-01
9.851917856532111939e-01 4.205280517912091676e-01 9.301650270391553788e-01
9.852005359738337242e-01 4.214518785802823242e-01 9.301827948657627188e-01
9.851992000470211064e-01 4.214742219562228609e-01 9.352637253120691385e-01
9.852326650136763453e-01 4.224185886200395035e-01 9.311952270006806920e-01
9.852458238927803702e-01 4.224281404967495379e-01 9.321806734139843620e-01
9.852548413987652909e-01 4.224298104052652270e-01 9.331786775393263733e-01
9.861473741022536155e-01 4.165476912512809937e-01 9.342923061302975674e-01
9.861373546511592592e-01 4.165624198443897419e-01 9.362578552496546580e-01
9.861789019750306640e-01 4.175185760623275066e-01 9.332445387311868457e-01
9.861372878548185783e-01 4.174972346314964611e-01 9.372508496494494912e-01
9.861720219519458652e-01 4.194959815321462338e-01 9.332049952975343121e-01
9.861640731874109500e-01 4.194827892548719794e-01 9.342454818955164830e-01
9.861489772144287347e-01 4.194823884768281719e-01 9.352818939167203416e-01
