0.50146035 0.53532897 0.49410306
0.50143304 0.53534678 0.49523952
0.50168620 0.53534788 0.49524355
0.50252852 0.53516572 0.49646904
0.50212803 0.51363711 0.53052142
0.50213607 0.51385540 0.53031764
0.50236572 0.51194626 0.53127559
0.50331901 0.53538838 0.49283831
0.50260687 0.51449372 0.52991641
0.50261165 0.51472070 0.52967197
0.50359274 0.53538717 0.49283857
0.50358916 0.53537734 0.49331855
0.50352962 0.51219098 0.53128141
0.50511071 0.53111172 0.51014554
0.50559023 0.53069590 0.51147347
0.50580579 0.53004801 0.51234880
0.50605446 0.53277500 0.50572679
0.50601087 0.53388434 0.50156035
0.50644076 0.53140690 0.51035915
0.50646003 0.53165299 0.50966784
0.50656156 0.53279567 0.50547363
0.50653805 0.53388753 0.50133203
0.50648760 0.52936748 0.51324583
0.50671081 0.53143070 0.51035566
0.50698219 0.53144720 0.51035335
0.50867624 0.53345124 0.50158890
0.50940908 0.53344616 0.50062624
0.51004867 0.53323815 0.50041969
0.51256423 0.53213141 0.50024144
0.51302002 0.53192311 0.50069769
0.51347946 0.53168437 0.50116136
0.51944160 0.52758688 0.49231113
0.52918587 0.47590166 0.51000931
0.52966439 0.47636227 0.50977419
0.53055846 0.48115583 0.48926758
0.53137617 0.48072008 0.49125335
0.53187839 0.48161995 0.49034385
0.53227080 0.48116240 0.49121234
0.53319583 0.48132979 0.50966641
0.53370866 0.48207926 0.51038805
0.53418151 0.48471781 0.51206637
0.53425527 0.48596914 0.51299818
0.50296462 0.51303538 0.53109434
0.50292790 0.51394561 0.53063265
0.50340283 0.51303206 0.53110980
0.50338691 0.51437074 0.53019958
0.50387210 0.51394580 0.53064632
0.50387917 0.51437660 0.53020654
0.50761045 0.53001963 0.51265205
0.50858298 0.53049632 0.51215726
0.50961175 0.53096484 0.51030361
0.51257122 0.52967171 0.51290479
0.51457021 0.52769997 0.51528571
0.51452676 0.52818887 0.51478340
0.51459876 0.52959124 0.51102340
0.51556419 0.52816914 0.51427083
0.51562594 0.52913734 0.51146286
0.51653783 0.52514010 0.51734541
0.51649378 0.52767347 0.51477640
0.51632484 0.49429437 0.53379808
0.51662145 0.50292357 0.53294206
0.51770785 0.50058252 0.53343649
0.51770527 0.50395078 0.53242327
0.51787757 0.48643685 0.53232607
0.51837389 0.48880107 0.53333255
0.51867826 0.50016868 0.53340426
0.51882604 0.48593968 0.53230124
0.52144339 0.52801494 0.50323665
0.52128477 0.47752038 0.52648568
0.52231263 0.52712744 0.50542197
0.52239857 0.52747887 0.50200492
0.52236868 0.52756276 0.50360221
0.52282249 0.52661895 0.50540781
0.52300508 0.52690993 0.50055208
0.52338805 0.52649639 0.50232562
0.52338171 0.52656895 0.50313955
0.52338184 0.47653109 0.52452233
0.52389658 0.52508239 0.50546784
0.53051126 0.47692256 0.51296221
0.53334567 0.50554658 0.51789411
0.53338968 0.50758304 0.51664948
0.53339040 0.50800345 0.51578568
0.53337220 0.50802396 0.51623008
0.53354593 0.48191852 0.51117041
0.53381514 0.50361673 0.51687409
0.53381602 0.50411374 0.51689310
0.53381364 0.50458457 0.51691393
0.53380397 0.50504831 0.51693014
0.53401449 0.48331042 0.51198125
0.53400326 0.48331240 0.51245736
0.51811823 0.49204290 0.53408154
0.51811618 0.49308252 0.53410133
0.51810303 0.49405205 0.53411569
0.51813607 0.49597158 0.53411992
0.51904137 0.48711794 0.53302233
0.51912721 0.49098691 0.53407933
0.51914606 0.49405234 0.53416273
0.51918008 0.49601419 0.53413678
0.52002246 0.48709990 0.53301029
0.52017145 0.49605329 0.53414788
0.52104085 0.47873984 0.52822939
0.52103695 0.48913376 0.53404128
0.52116452 0.49504512 0.53413672
0.52206253 0.47778962 0.52719756
0.52209814 0.47880534 0.52822354
0.52210661 0.48914548 0.53402829
0.52209515 0.49010192 0.53405872
0.52217288 0.49310775 0.53409310
0.52221875 0.49409284 0.53409574
0.52221787 0.49817575 0.53309515
0.52310742 0.47679727 0.52524762
0.52312731 0.47783587 0.52720277
0.52332819 0.49610059 0.53309492
0.52411901 0.47681569 0.52522679
0.52424144 0.49013584 0.53304495
0.52426803 0.49116029 0.53306914
0.52426318 0.49909788 0.53203356
0.52427380 0.50190081 0.53115671
0.52457718 0.51393317 0.52454824
0.52507695 0.47686885 0.52529395
0.52524938 0.50279196 0.53018727
0.52557249 0.51484235 0.52361956
0.52557796 0.51566888 0.52274424
0.52599375 0.47680625 0.52433294
0.52606061 0.47784567 0.52633919
0.52619727 0.50279567 0.52928210
0.52650163 0.51398210 0.52359001
0.52650423 0.51566253 0.52185837
0.52692223 0.47676644 0.52338206
0.52739762 0.51479043 0.52183105
0.53008473 0.49025283 0.52996745
0.53098076 0.48925931 0.52904743
0.53183011 0.48829919 0.52733431
0.53189072 0.48932393 0.52816868
0.47732048 0.50209906 0.51536536
0.47731904 0.50211061 0.51548057
0.47733167 0.50222809 0.51498535
0.47732718 0.50223307 0.51512715
0.47732321 0.50223590 0.51537174
0.47743626 0.50171260 0.51421273
0.47743766 0.50171462 0.51464788
0.47742132 0.50212448 0.51577370
0.47756263 0.50161003 0.51388496
0.47756048 0.50173743 0.51375329
0.47755566 0.50198532 0.51385866
0.47768356 0.50135684 0.51386761
0.47767331 0.50135130 0.51410635
0.47768421 0.50148343 0.51363522
0.47780618 0.50121139 0.51375654
0.47777829 0.50213353 0.51681172
0.47813792 0.50084007 0.51351898
0.47903473 0.49926387 0.52185605
0.47903542 0.49926403 0.52199092
0.47903265 0.49937894 0.52199287
0.47902777 0.50113779 0.52067402
0.47915407 0.50153509 0.52068906
0.47936855 0.49893021 0.52221784
0.47936868 0.49904567 0.52232793
0.47938486 0.50060531 0.52194476
0.48055527 0.50704574 0.51940739
0.48095710 0.50146543 0.52508392
0.48119518 0.50106823 0.52554961
0.48119072 0.50118975 0.52554707
0.48129603 0.50132894 0.52564645
0.48141715 0.50067822 0.52587601
0.48141195 0.50080742 0.52587314
0.48140413 0.50106660 0.52586722
0.48141182 0.50147217 0.52575133
0.48121260 0.50954489 0.50964873
0.48157363 0.49632425 0.52131113
0.48158070 0.49632249 0.52154857
0.48166107 0.50092220 0.52621729
0.48164883 0.50106973 0.52621032
0.48172109 0.49631797 0.52193021
0.48176396 0.50133135 0.52631839
0.48176120 0.50159508 0.52619847
0.48180791 0.49609323 0.52155446
0.48182259 0.49621680 0.52193551
0.48189108 0.50118359 0.52644567
0.48189036 0.50132653 0.52644274
0.48188828 0.50172702 0.52630150
0.48172910 0.50902897 0.50410420
0.48192314 0.49597809 0.52154928
0.48203747 0.50089587 0.52658760
0.48203285 0.50103187 0.52658451
0.48201410 0.50144473 0.52656107
0.48201051 0.50157660 0.52655039
0.48184629 0.50925866 0.50386325
0.48217894 0.50052402 0.52658906
0.48226963 0.49563815 0.52155583
0.48224521 0.50609609 0.52377448
0.48251484 0.50099570 0.52694154
0.48248203 0.50194486 0.52678503
0.48237347 0.50600085 0.52400378
0.48263512 0.49702451 0.52568063
0.48258105 0.50180260 0.52690068
0.48248883 0.50684766 0.52348522
0.48273962 0.49714440 0.52589437
0.48269863 0.50137689 0.52703538
0.48271338 0.50567721 0.52454733
0.48270801 0.50705964 0.52360407
0.48297259 0.49678672 0.52578047
0.48297809 0.49689792 0.52599883
0.48297490 0.49713298 0.52611458
0.48295898 0.49506204 0.52154225
0.48294860 0.50983838 0.52117119
0.48299964 0.51027210 0.52017204
0.48305449 0.50984056 0.52126904
0.48307279 0.50996969 0.52115081
0.48311416 0.51038161 0.52029746
0.48340885 0.49679417 0.52610937
0.48354261 0.49448682 0.52130964
0.48370589 0.49743825 0.52672474
0.48406709 0.49864746 0.52747669
0.48429707 0.49852471 0.52757770
0.48440742 0.49840771 0.52758600
0.48451999 0.49864583 0.52769876
0.48463923 0.49852705 0.52769792
0.48490143 0.50175869 0.52788346
0.48495231 0.50020003 0.52817969
0.48494941 0.50032113 0.52818359
0.48499417 0.50152738 0.52799339
0.48502497 0.49336257 0.52128197
0.48519294 0.49887214 0.52792210
0.48542848 0.50131559 0.52820970
0.48552184 0.50057497 0.52830137
0.48551953 0.50069971 0.52830173
0.48551468 0.50093734 0.52829414
0.48576475 0.50133913 0.52830879
0.48671139 0.49038770 0.51463828
0.48671139 0.49038704 0.51475342
0.48670238 0.49049997 0.51431416
0.48680996 0.49039053 0.51521309
0.48702650 0.49038734 0.51592243
0.48713919 0.49027308 0.51580016
0.49052106 0.51154131 0.48157910
0.49052282 0.51163861 0.48157598
0.49054316 0.51201868 0.48158050
0.49053132 0.51215085 0.48172174
0.49065814 0.51188854 0.48144590
0.49065798 0.51269844 0.48190313
0.49086878 0.51078337 0.48110687
0.49086520 0.51110986 0.48110550
0.49132246 0.51256823 0.48122591
0.49180332 0.52713864 0.49285521
0.49213880 0.49837871 0.48340244
0.49214222 0.49848643 0.48329408
0.49215244 0.49881458 0.48306504
0.49227318 0.50795238 0.47963138
0.49226224 0.50816042 0.47962454
0.49225553 0.50825609 0.47963193
0.49248044 0.52832087 0.49447500
0.49249603 0.52832699 0.49489258
0.49251484 0.50871501 0.47937975
0.49260384 0.52845599 0.49433320
0.49273441 0.52859616 0.49420729
0.49274189 0.50803408 0.47925954
0.49297419 0.50760658 0.47913096
0.49297305 0.50836481 0.47914668
0.49316989 0.52791683 0.49179515
0.49328177 0.52776563 0.49154238
0.49340654 0.52940449 0.49464128
0.49340501 0.52951940 0.49583851
0.49338691 0.52949486 0.49605160
0.49325228 0.51236159 0.47969056
0.49348910 0.52935895 0.49363451
0.49352598 0.52963854 0.49629264
0.49414059 0.49633682 0.48139548
0.49414447 0.49644460 0.48128369
0.49426403 0.49621686 0.48126758
0.49448421 0.49610755 0.48104593
0.49447712 0.49633447 0.48093359
0.49457624 0.49634339 0.48083164
0.49484202 0.53048167 0.50022546
0.49496048 0.53059772 0.50034072
0.49503366 0.49588320 0.48054414
0.49546006 0.53058945 0.50150143
0.49559645 0.53084372 0.50111826
0.49534053 0.48491924 0.51853451
0.49547360 0.49418727 0.48175163
0.49571859 0.53084600 0.50137715
0.49544593 0.48480547 0.51841325
0.49586393 0.53083115 0.50165941
0.49571042 0.49452122 0.48085433
0.49570928 0.49462458 0.48075094
0.49570967 0.49496468 0.48042555
0.49613766 0.53095361 0.50179209
0.49593717 0.49316130 0.48261439
0.49598053 0.49506481 0.48001735
0.49625977 0.53108197 0.50164391
0.49608522 0.49067135 0.48867946
0.49604346 0.49293923 0.48282002
0.49607021 0.49313379 0.48239154
0.49638278 0.49503581 0.47961413
0.49634616 0.49564548 0.47939307
0.49650143 0.49526074 0.47937585
0.49655674 0.48410120 0.51863115
0.49704284 0.53326270 0.49234984
0.49710752 0.53231201 0.49105365
0.49708835 0.53343867 0.49686563
0.49710693 0.53345303 0.49728857
0.49712064 0.49315824 0.48023076
0.49711849 0.49326377 0.48011755
0.49711595 0.49337594 0.48000573
0.49720049 0.53354723 0.49675508
0.49723405 0.49303219 0.48023014
0.49730931 0.49606273 0.47861999
0.49748949 0.49438607 0.47884372
0.49760407 0.49414772 0.47884463
0.49783008 0.49437295 0.47862214
0.49807331 0.51541146 0.47791823
0.49806872 0.51590729 0.47815596
0.49819671 0.51480290 0.47766077
0.49886654 0.53483027 0.49162783
0.49897604 0.53494271 0.49163447
0.49882223 0.49205775 0.47925130
0.49883076 0.49217376 0.47913620
0.49879040 0.51812347 0.47876973
0.49892370 0.49206719 0.47914108
0.49918154 0.49272614 0.47853981
0.49927861 0.49243154 0.47863770
0.49959388 0.53411201 0.49809840
0.49991243 0.51920342 0.47860456
0.50003704 0.49385677 0.47735941
0.50005228 0.49408678 0.47724154
0.50006882 0.51882715 0.47821527
0.50034678 0.48231471 0.52104163
0.50037158 0.49376250 0.47723496
0.50089222 0.51868734 0.47766309
0.50100322 0.51971318 0.47815775
0.50098913 0.48231641 0.52182438
0.50155902 0.48211299 0.52189818
0.50168132 0.48211230 0.52202686
0.50206895 0.48197614 0.52200368
0.50304131 0.48294528 0.52369980
0.50304242 0.48306683 0.52382168
0.50402552 0.52832282 0.48171243
0.50402871 0.52843988 0.48183516
0.50442464 0.51408206 0.47408538
0.50428102 0.52810020 0.48146732
0.50427829 0.52843359 0.48169873
0.50460596 0.51978363 0.47607386
0.50473480 0.51966989 0.47595059
0.50499388 0.51649980 0.47444697
0.50543402 0.48825566 0.47884072
0.50542132 0.48837367 0.47873363
0.50563825 0.51060055 0.47328102
0.50572962 0.51133535 0.47328005
0.50554717 0.48318564 0.52538389
0.50588001 0.48799710 0.47883063
0.50569967 0.48289626 0.52514017
0.50565765 0.48344372 0.52562393
0.50591569 0.48288161 0.52524001
0.50661230 0.48934180 0.47707139
0.50672412 0.48956611 0.47695488
0.50735062 0.49397604 0.47535023
0.50736921 0.50542477 0.47240827
0.50858923 0.47661325 0.49256937
0.50917705 0.51611445 0.47197269
0.50944430 0.48855465 0.47730153
0.50945664 0.49046982 0.47635352
0.50910033 0.47915397 0.48575716
0.50947992 0.51611146 0.47186296
0.50937536 0.47929004 0.48536217
0.50938519 0.47940785 0.48523841
0.50962015 0.47903265 0.48549189
0.50997165 0.51630228 0.47187454
0.51007959 0.47432484 0.49573210
0.51055140 0.47857513 0.48535547
0.51083532 0.51602044 0.47202008
0.51117627 0.52688848 0.48065088
0.51100928 0.47613187 0.48871527
0.51101423 0.47623649 0.48849189
0.51114066 0.47612080 0.48859368
0.51113402 0.47634235 0.48826335
0.51115374 0.47437930 0.49246689
0.51171842 0.48433402 0.47945680
0.51126689 0.47438783 0.49225830
0.51137301 0.47644430 0.48805895
0.51148665 0.47643542 0.48806292
0.51195394 0.48444307 0.47933057
0.51166175 0.51709404 0.47255244
0.51150944 0.47425540 0.49225840
0.51206966 0.48444271 0.47933343
0.51174466 0.47426283 0.49190423
0.51220169 0.47231260 0.49724242
0.51220039 0.47231585 0.49736009
0.51225970 0.47399844 0.49190254
0.51241035 0.51678193 0.47267305
0.51240885 0.47219688 0.49724609
0.51236995 0.47324180 0.49398477
0.51279587 0.52216846 0.47548135
0.51298643 0.52595612 0.48012275
0.51252891 0.47219430 0.49713229
0.51251582 0.47385986 0.49201208
0.51250938 0.47398177 0.49178617
0.51262389 0.47219382 0.49703789
0.51292715 0.52011927 0.47402777
0.51269486 0.47223763 0.49868880
0.51294577 0.47212018 0.49868271
0.51300658 0.47298135 0.49386126
0.51331536 0.52113822 0.47472197
0.51339626 0.52218688 0.47548978
0.51309030 0.47198298 0.49785391
0.51307686 0.47198809 0.49807826
0.51311930 0.47432952 0.49077314
0.51326637 0.51629922 0.47279958
0.51327126 0.51679899 0.47292298
0.51319440 0.47196732 0.49766943
0.51320739 0.47198971 0.49855811
0.51327979 0.47309463 0.49317386
0.51338841 0.51619395 0.47281048
0.51330400 0.47197070 0.49758001
0.51334098 0.47277728 0.49403473
0.51339759 0.47309326 0.49305684
0.51340124 0.47432438 0.49077240
0.51342686 0.47196924 0.49758460
0.51353584 0.47444870 0.49063213
0.51363011 0.51632354 0.47292383
0.51376660 0.52093037 0.47461973
0.51387458 0.52193802 0.47525342
0.51383910 0.52017972 0.47428558
0.51396904 0.52253945 0.47585036
0.51393903 0.51984202 0.47416413
0.51382933 0.47265140 0.49392578
0.51406286 0.51972044 0.47416442
0.51418135 0.52196390 0.47526198
0.51390693 0.47200277 0.49954772
0.51417669 0.51995879 0.47428206
0.51406068 0.47243467 0.49446979
0.51421846 0.47789014 0.48641016
0.51429417 0.51947904 0.47416104
0.51416520 0.47243421 0.49436647
0.51416400 0.47276774 0.49327129
0.51440993 0.51971553 0.47428353
0.51447988 0.52186084 0.47525501
0.51421908 0.47198099 0.49767067
0.51428024 0.47254225 0.49394043
0.51478008 0.48528867 0.47890078
0.51475674 0.48553763 0.47863408
0.51434372 0.47198037 0.49778057
0.51440088 0.47242708 0.49427087
0.51452939 0.47242559 0.49427337
0.51451813 0.47278330 0.49313128
0.51463288 0.47288887 0.49301475
0.51514036 0.48539495 0.47891136
0.51513154 0.48551445 0.47879222
0.51501214 0.52316735 0.47689642
0.51475374 0.47242813 0.49426816
0.51477660 0.47266149 0.49360316
0.51510954 0.52271439 0.47647454
0.51478665 0.47198389 0.49798053
0.51473115 0.47199818 0.49914896
0.51529307 0.49923320 0.47333385
0.51523737 0.52284616 0.47671846
0.51534076 0.52294368 0.47691771
0.51497904 0.47198285 0.49876100
0.51514395 0.47255241 0.49417070
0.51546650 0.52248770 0.47658965
0.51523216 0.47199840 0.49820280
0.51520413 0.47198112 0.49864535
0.51546042 0.47211790 0.49638932
0.51577705 0.49455573 0.47459521
0.51591201 0.49981582 0.47322790
0.51545150 0.47199834 0.49853311
0.51559570 0.47212308 0.49637829
0.51560889 0.47233434 0.49544183
0.51570091 0.47212816 0.49647868
0.51583307 0.47233727 0.49574753
0.51618577 0.48729824 0.47777992
0.51594648 0.47232803 0.49596810
0.51640710 0.51584092 0.47378867
0.51653942 0.48740264 0.47779639
0.51651465 0.51618724 0.47390199
0.51646800 0.51946211 0.47522819
0.51661533 0.48912145 0.47678122
0.51661354 0.51639212 0.47399860
0.51680980 0.48752975 0.47781126
0.51675960 0.48912262 0.47679066
0.51676719 0.51739567 0.47435505
0.51696286 0.52489290 0.48072282
0.51699336 0.52502292 0.48097770
0.51690729 0.48924740 0.47678949
0.51714564 0.52466243 0.48048392
0.51728079 0.52892523 0.49294720
0.51734795 0.52444701 0.48035182
0.51750000 0.52863089 0.49168242
0.51761768 0.52557155 0.48299766
0.51759007 0.52865280 0.49201875
0.51758005 0.52459854 0.48086478
0.51778281 0.49836484 0.47365365
0.51779701 0.52523128 0.48239906
0.51782340 0.50893027 0.47321693
0.51789593 0.52511553 0.48227321
0.51804089 0.52841729 0.49221100
0.51814030 0.52525690 0.48289772
0.51824313 0.52513288 0.48277705
0.51831901 0.50914202 0.47336035
0.51834043 0.52478486 0.48218926
0.51835319 0.52490335 0.48241367
0.51848685 0.49893366 0.47355557
0.51857327 0.52467806 0.48230846
0.51901543 0.52326963 0.48071318
0.51920120 0.49952705 0.47356615
0.51910690 0.51815306 0.47628643
0.51914069 0.52315400 0.48071865
0.51914707 0.52327562 0.48086315
0.51932474 0.49963770 0.47356667
0.51926947 0.52316790 0.48086289
0.51929336 0.52368867 0.48155469
0.51941719 0.52535664 0.48553949
0.51944349 0.49835270 0.47402715
0.51946022 0.50009349 0.47357262
0.51942126 0.52356960 0.48155661
0.51957204 0.50041260 0.47358203
0.51956820 0.50052425 0.47357230
0.51955765 0.52369434 0.48194622
0.51970091 0.49951865 0.47369154
0.51972041 0.48990189 0.47754635
0.51972311 0.51110218 0.47405426
0.51986680 0.52502965 0.48565511
0.51993590 0.49024355 0.47743099
0.52010560 0.52479489 0.48554476
0.52005407 0.49033877 0.47743477
0.52067038 0.50431406 0.47371956
0.52073665 0.50537907 0.47368688
0.52072539 0.50551885 0.47368910
0.52112311 0.52611123 0.49232191
0.52099163 0.50498275 0.47382650
0.52098083 0.50509707 0.47382038
0.52123128 0.49927510 0.47419554
0.52129596 0.51877542 0.47879632
0.52143730 0.51877093 0.47892962
0.52160895 0.52121123 0.48128363
0.52170586 0.51240173 0.47571077
0.52216742 0.52278057 0.48494821
0.52301855 0.51378792 0.47705609
0.52321904 0.51376348 0.47725680
0.52335299 0.50618763 0.47512858
0.52358493 0.50618441 0.47524798
0.52387334 0.51711966 0.48002604
0.52390426 0.51907087 0.48220527
0.52398252 0.51623770 0.47955804
0.52398307 0.51712624 0.48013864
0.52438145 0.50776253 0.47615199
0.52451875 0.51806423 0.48195915
0.52472041 0.52121924 0.48676185
0.52470182 0.52133105 0.48698138
0.52474984 0.50776305 0.47641012
0.52485531 0.51641032 0.48079284
0.52486810 0.51653555 0.48094102
0.52497363 0.52075413 0.48623512
0.52496266 0.52119600 0.48724323
0.52488148 0.50790563 0.47654850
0.52508535 0.52107467 0.48724450
0.52516374 0.51964209 0.48490326
0.52519837 0.52062699 0.48642367
0.52728656 0.51894294 0.49161849
0.52760055 0.51618444 0.48567982
0.52796820 0.51505833 0.48464997
0.52805573 0.51750387 0.49008919
0.52816862 0.51728219 0.49008252
0.52816800 0.51741097 0.49041634
0.52832614 0.51432178 0.48460381
0.52814017 0.49973704 0.47830885
0.52825625 0.49961689 0.47842887
0.52829202 0.50120762 0.47799629
0.52943115 0.51550667 0.49185368
0.53010482 0.50652891 0.48054242
0.53102962 0.50619131 0.48161908
0.53181699 0.50454961 0.48197988
0.53183441 0.50479749 0.48199466
0.53185706 0.50491364 0.48213184
0.53197712 0.50470075 0.48225436
0.53209427 0.50458893 0.48246032
0.53218005 0.50421449 0.48265391
0.53229665 0.50437695 0.48286520
0.53230189 0.50450231 0.48287926
0.53472012 0.48609544 0.50073815
0.53472337 0.48610723 0.50084671
0.53471641 0.49169456 0.49210094
0.53483581 0.48681908 0.49959082
0.53485736 0.48684587 0.49982360
0.53477845 0.48993063 0.49321068
0.53483307 0.49159271 0.49244229
0.53488926 0.49285293 0.49205475
0.53489993 0.49297467 0.49206357
0.53492357 0.49356882 0.49244860
0.53489964 0.48775716 0.49739463
0.53481559 0.48891393 0.49439736
0.53487386 0.48972070 0.49383236
0.53488027 0.48984626 0.49373659
0.53492448 0.49038001 0.49345231
0.53507949 0.49445000 0.49383639
0.53507484 0.49457272 0.49395433
0.53506803 0.48830299 0.49770498
0.53500840 0.48988285 0.49429723
0.53501113 0.49001673 0.49418649
0.53512165 0.49217474 0.49308281
0.53516901 0.48981283 0.49574245
0.53514408 0.48992262 0.49489300
0.53522809 0.49117656 0.49516283
0.53527048 0.49360618 0.49475850
0.53526774 0.49372939 0.49486989
0.53526038 0.49388454 0.49520166
0.53555521 0.49216351 0.50302493
0.53555798 0.49227210 0.50291592
0.53555378 0.49226410 0.50312607
0.53556455 0.49260117 0.50251650
0.53555863 0.49255202 0.50310609
0.53555527 0.49290111 0.50279831
0.53555296 0.49290752 0.50308906
