0.49316344 0.47540137 0.52591921
0.49374095 0.53622217 0.49436266
0.49375309 0.53670915 0.49658809
0.49396309 0.47350010 0.52471501
0.49394740 0.47351631 0.52495999
0.49400742 0.53670557 0.49537015
0.49523913 0.53387741 0.50947451
0.49519004 0.53454548 0.50753669
0.49547142 0.53367962 0.50990332
0.49544010 0.53454762 0.50779987
0.49544684 0.53479619 0.50702350
0.49595160 0.53703486 0.49245153
0.49618040 0.53705684 0.49223538
0.49627223 0.53493141 0.48723529
0.49633096 0.53546891 0.48795407
0.49649987 0.53494229 0.48700068
0.49656344 0.53548584 0.48775046
0.49657747 0.53571774 0.48819987
0.49675400 0.53523109 0.48727936
0.49739639 0.53646090 0.48896989
0.49759600 0.53646204 0.48874945
0.49784984 0.53498294 0.48635091
0.49871595 0.51085583 0.53248743
0.49900254 0.50939505 0.53309186
0.49982259 0.52928600 0.51724046
0.49978011 0.53431969 0.48446130
0.49987467 0.53504466 0.48539036
0.50023050 0.53560065 0.48618398
0.50030540 0.52906058 0.51769281
0.50003870 0.51657142 0.52896077
0.50154593 0.53418112 0.48333278
0.50159160 0.53466875 0.48408620
0.50182197 0.53443288 0.48359027
0.50248151 0.53278991 0.48142559
0.50249717 0.53302422 0.48166025
0.50251279 0.53350163 0.48215671
0.50306523 0.53377656 0.48219749
0.50327109 0.53328307 0.48167686
0.50359512 0.53380410 0.48222028
0.50419727 0.53117018 0.47967731
0.50512132 0.53335156 0.48175322
0.50538011 0.53334746 0.48176670
0.50553184 0.53095563 0.47918581
0.50656012 0.53120150 0.47921120
0.50656989 0.53143880 0.47946071
0.50681159 0.53120033 0.47921549
0.50784215 0.53147266 0.47973997
0.50910013 0.52605078 0.47445026
0.50935544 0.52579925 0.47421133
0.50982650 0.52582513 0.47421904
0.50993932 0.51516403 0.46803298
0.50999528 0.51635029 0.46850101
0.51013978 0.51474902 0.46783835
0.51043405 0.51707168 0.46875299
0.51085114 0.48271471 0.47506644
0.51083698 0.52458587 0.47323747
0.51085296 0.51497757 0.46782965
0.51088275 0.51706895 0.46875938
0.51097415 0.51823630 0.46945843
0.51110176 0.52723786 0.47543561
0.51110850 0.52746344 0.47564915
0.51097480 0.51135273 0.46668252
0.51112826 0.51455895 0.46762829
0.51113812 0.50969372 0.46647282
0.51142181 0.51782269 0.46924928
0.51163089 0.51454443 0.46761074
0.51166156 0.51733516 0.46901439
0.51186276 0.52702256 0.47523965
0.51212952 0.52701882 0.47523659
0.51213190 0.51335876 0.46713822
0.51214557 0.51756790 0.46924805
0.51222757 0.51197721 0.46670488
0.51236348 0.51778486 0.46945622
0.51280902 0.51341930 0.46717409
0.51305160 0.51345124 0.46719209
0.51932884 0.52767038 0.48401608
0.51953317 0.49095114 0.47218441
0.52084108 0.52875622 0.49114486
0.52106546 0.52830833 0.49002734
0.52224238 0.52444974 0.48078711
0.52225312 0.52501006 0.48238555
0.52241006 0.52765814 0.49162546
0.52275101 0.52447191 0.48186270
0.52358018 0.52544242 0.48724144
0.52378548 0.52393421 0.48265199
0.52427861 0.52292676 0.48135752
0.52545872 0.52202432 0.48234899
0.49453262 0.53723434 0.49689105
0.49450807 0.53723372 0.49737900
0.49498135 0.53728128 0.49829661
0.49542832 0.53726908 0.49875163
0.49667503 0.53499404 0.50743037
0.49694945 0.53638232 0.50254854
0.49706764 0.53778711 0.49396022
0.49703434 0.53783206 0.49497988
0.49700583 0.53782982 0.49540173
0.49698177 0.53782210 0.49585309
0.49694613 0.53778053 0.49720651
0.49756924 0.53457747 0.50933200
0.49798815 0.53414443 0.51022855
0.49787344 0.53682562 0.50120355
0.49796312 0.53779688 0.49256019
0.49841152 0.53330146 0.51149844
0.49850417 0.53782259 0.49200609
0.49843252 0.53782604 0.49769753
0.49883584 0.53331976 0.51147946
0.49882129 0.53637285 0.48800518
0.49901719 0.53783164 0.49146436
0.49891732 0.53783262 0.49772822
0.49939788 0.53827269 0.49346771
0.49936634 0.53828070 0.49395664
0.49982301 0.53829290 0.49534619
0.50035703 0.53785703 0.49777790
0.50036631 0.53831094 0.49489941
0.50064388 0.47477627 0.52980612
0.50115775 0.47421589 0.52925107
0.50059827 0.51115479 0.53316159
0.50113691 0.52946878 0.51710654
0.50133571 0.53831344 0.49494837
0.50099193 0.51257972 0.53262272
0.50164271 0.53376087 0.51056341
0.50203398 0.53697087 0.50168379
0.50188024 0.53832096 0.49341195
0.50219541 0.47364066 0.52867220
0.50158675 0.51067565 0.53364115
0.50243708 0.53832962 0.49447061
0.50198086 0.51201755 0.53314941
0.50297103 0.53699954 0.50169945
0.50286455 0.53737363 0.48895020
0.50292018 0.53788226 0.49100316
0.50297565 0.53833773 0.49343607
0.50299238 0.53833506 0.49394368
0.50249362 0.51109238 0.53365977
0.50343122 0.53788724 0.49100508
0.50390547 0.53737995 0.48895973
0.50339541 0.51247448 0.53313076
0.50336016 0.51351826 0.53257282
0.50451172 0.53745859 0.49877865
0.50552842 0.53788480 0.49204717
0.50599837 0.53788587 0.49252992
0.50602539 0.53789818 0.49348600
0.50605150 0.53789362 0.49446973
0.50579583 0.47908148 0.47743411
0.50538340 0.51502295 0.53162438
0.50631123 0.47909105 0.47692256
0.50634404 0.47959665 0.47637783
0.50589323 0.51450459 0.53213434
0.50592549 0.51605127 0.53071862
0.50695462 0.53745641 0.49256234
0.50677318 0.47858874 0.47739720
0.50753268 0.53618802 0.50361032
0.50726270 0.47859580 0.47736553
0.50697145 0.51458831 0.53213232
0.50786950 0.53700609 0.49254411
0.50785137 0.53703219 0.49350739
0.50776230 0.47910667 0.47684590
0.50778949 0.47960677 0.47632900
0.50845762 0.53437952 0.50864326
0.50842493 0.53609453 0.48578444
0.50796784 0.51652344 0.53040456
0.50888988 0.53617829 0.50315882
0.50849928 0.51515114 0.53172249
0.50940671 0.53571214 0.50410811
0.50935964 0.53617822 0.50227516
0.50898343 0.51705628 0.52993997
0.50987227 0.47913815 0.47723838
0.51036579 0.53391650 0.50897923
0.51024421 0.47760596 0.47874860
0.51038590 0.47864880 0.47773652
0.50989860 0.51796120 0.52905859
0.50987933 0.52071628 0.52629746
0.51083486 0.52116676 0.52586611
0.51207096 0.53032220 0.51574323
0.51237122 0.47152513 0.48784561
0.51245508 0.51085954 0.46637337
0.51261253 0.52669105 0.52029352
0.51295840 0.51089831 0.46637692
0.51303509 0.52670169 0.52026654
0.51353021 0.52883988 0.47777910
0.51359948 0.51243076 0.46687344
0.51397650 0.52734886 0.47582272
0.51399808 0.50788783 0.46587617
0.51399987 0.50881237 0.46588408
0.51397620 0.51093421 0.46637874
0.51441338 0.52735586 0.47627972
0.51454766 0.47342855 0.48374359
0.51448633 0.50787959 0.46587559
0.51446725 0.50881283 0.46588320
0.51499554 0.47343864 0.48374544
0.51498971 0.51198324 0.46690120
0.51526156 0.46866263 0.49305765
0.51549368 0.51147526 0.46692067
0.51572295 0.46824609 0.49390153
0.51574827 0.46866553 0.49305664
0.51600439 0.50933382 0.46639583
0.51769590 0.53201637 0.49632767
0.51789769 0.49779362 0.46829495
0.51796816 0.50992559 0.46736071
0.51816846 0.53203089 0.49883324
0.51819821 0.53203008 0.50012188
0.51866257 0.53153236 0.49736709
0.51877848 0.50176540 0.46686748
0.51937751 0.49783454 0.46833981
0.51949834 0.52428929 0.47683031
0.52020449 0.52912253 0.49078571
0.52018096 0.52959818 0.49263275
0.52013037 0.53012363 0.49524004
0.52004453 0.53063252 0.49780977
0.52041247 0.53020739 0.50648512
0.52144495 0.52182829 0.47543288
0.52147669 0.52232695 0.47594408
0.52197783 0.52185583 0.47594880
0.52199632 0.52281188 0.47735599
0.52184056 0.52923581 0.50745609
0.52201576 0.52963760 0.50243971
0.52200072 0.52965465 0.50287386
0.52242718 0.52923174 0.50453366
0.52313122 0.52330999 0.47994108
0.52366240 0.52377949 0.48197731
0.52386263 0.50020260 0.46799482
0.52406768 0.52180397 0.47841663
0.52416940 0.52328226 0.48197321
0.52393223 0.52720947 0.50847021
0.52407243 0.52808623 0.50002881
0.52451872 0.52134251 0.47845586
0.52462939 0.52281302 0.48195537
0.52502751 0.52756546 0.50142044
0.52495745 0.52765794 0.50363812
0.52553786 0.52042738 0.47897458
0.52572168 0.52647109 0.49705296
0.52557155 0.52702962 0.50042718
0.52544811 0.52718105 0.50449102
0.52591533 0.48701250 0.47689144
0.52615173 0.52599935 0.49745046
0.52605273 0.52655309 0.50086260
0.52596136 0.52666891 0.50268796
0.52593288 0.52669264 0.50405443
0.52613659 0.49928945 0.46983112
0.52659076 0.52554635 0.49890241
0.52762660 0.51093812 0.47272015
0.52857454 0.52227230 0.50655407
0.52858512 0.51002699 0.47272764
0.52944616 0.52053942 0.50780999
0.52948174 0.52054238 0.50958213
0.53029945 0.48081077 0.48275368
0.53022025 0.48356250 0.48082197
0.53119548 0.48257572 0.48186709
0.53116829 0.48409212 0.48084294
0.53213682 0.48308522 0.48190267
0.53212266 0.48411484 0.48135908
0.53301992 0.51107109 0.48016803
0.53317422 0.48461908 0.48191820
0.53313890 0.48560039 0.48139492
0.53336338 0.50812005 0.47622660
0.53337715 0.50864854 0.47675299
0.53360293 0.48558024 0.48187910
0.53413285 0.48311471 0.48386478
0.53432103 0.50703584 0.47671693
0.53434811 0.50818799 0.47771071
0.53478464 0.50453743 0.47773008
0.53481976 0.50606064 0.47772324
0.53537295 0.50851999 0.51342041
0.53535319 0.50854046 0.51390866
0.53577734 0.50765241 0.51386875
0.53578353 0.50764349 0.51436016
0.53709899 0.48504678 0.48672965
0.53710833 0.48596689 0.48583747
0.53808685 0.48606787 0.48812874
0.53856351 0.48566318 0.49063376
0.53852490 0.48609964 0.48983187
0.53855169 0.48652422 0.48940645
0.53858291 0.48693252 0.48939967
0.51382360 0.52910160 0.51741846
0.51691006 0.53003740 0.51255182
0.51716667 0.49402611 0.53815680
0.51725273 0.49988486 0.53817975
0.51759499 0.51307360 0.53346068
0.51785973 0.52805885 0.51653392
0.51797975 0.47952624 0.53605693
0.51816299 0.49305492 0.53819948
0.51834059 0.50091846 0.53813835
0.51855091 0.51308910 0.53344440
0.51858356 0.51411403 0.53248600
0.51871012 0.51593060 0.53063470
0.51931579 0.46511195 0.50122738
0.51914209 0.46512139 0.50489492
0.51889561 0.48133265 0.53695947
0.51942331 0.50192305 0.53809437
0.51949821 0.51310882 0.53342350
0.51989997 0.52806299 0.51356064
0.52032305 0.46516253 0.50118786
0.52012246 0.46506354 0.50576439
0.52002458 0.49106475 0.53818262
0.52004938 0.49214899 0.53818597
0.52050495 0.51218236 0.53338291
0.52063053 0.52994063 0.50726058
0.52121146 0.46513089 0.50207204
0.52115898 0.46510202 0.50297207
0.52113695 0.46508418 0.50391771
0.52117493 0.49697038 0.53816260
0.52119935 0.49791973 0.53814867
0.52132090 0.50107194 0.53806956
0.52134261 0.50201406 0.53804056
0.52203164 0.46605221 0.51504287
0.52202285 0.46697998 0.51774349
0.52190182 0.48527500 0.53804284
0.52202223 0.48904629 0.53813333
0.52207718 0.49702376 0.53814271
0.52215531 0.49796458 0.53812246
0.52228486 0.50202842 0.53798005
0.52279144 0.51951273 0.52394678
0.52265615 0.52795547 0.50917946
0.52305459 0.46604622 0.50293646
0.52302829 0.46607210 0.51502754
0.52302096 0.46700277 0.51774385
0.52406702 0.46612702 0.51037139
0.52408701 0.46610459 0.51125749
0.52408561 0.49110706 0.53797103
0.52413421 0.49219544 0.53800469
0.52417969 0.49322874 0.53801699
0.52418783 0.49420065 0.53802871
0.52414873 0.49518411 0.53803639
0.52414701 0.49712734 0.53803665
0.52418070 0.49810111 0.53800915
0.52461774 0.51680742 0.52576230
0.52462230 0.51770599 0.52483955
0.52478376 0.52343454 0.51611497
0.52639561 0.47268815 0.48806647
0.52669704 0.52146546 0.51703245
0.52772314 0.52137933 0.51520417
0.52766790 0.52226302 0.51347448
0.52770107 0.52316247 0.51079137
0.52864785 0.52123021 0.51255859
0.52912083 0.47570931 0.48602926
0.52928125 0.50581055 0.47111647
0.52995426 0.47276800 0.48888024
0.53001956 0.47469678 0.48706045
0.53099362 0.47570700 0.48703089
0.53111094 0.50188294 0.47206309
0.53117510 0.50486227 0.47208867
0.53117676 0.50583857 0.47209854
0.53120436 0.50784808 0.47307588
0.53137552 0.51210410 0.52469421
0.53153893 0.47183965 0.52059150
0.53173171 0.47372682 0.48964743
0.53179941 0.47472744 0.48871637
0.53187575 0.47567936 0.48785876
0.53216494 0.50387044 0.47311644
0.53217614 0.50490212 0.47310400
0.53271279 0.47190400 0.49710303
0.53278132 0.47282777 0.49435013
0.53289372 0.48235537 0.48313766
0.53312109 0.50680137 0.47501061
0.53371208 0.47472044 0.49155137
0.53390534 0.48145540 0.48499938
0.53387142 0.48235589 0.48411191
0.53406341 0.50385648 0.47603330
0.53406520 0.50579915 0.47598672
0.53476328 0.47774850 0.48958796
0.53511396 0.50833727 0.51593327
0.53542979 0.47393366 0.51879342
0.53575120 0.47770762 0.49255361
0.53589499 0.48745664 0.52819053
0.53599401 0.49248558 0.52810374
0.53604310 0.50565697 0.51682370
0.53646361 0.47382939 0.51409697
0.53644993 0.47384570 0.51499525
0.53683949 0.48434867 0.48691885
0.53684059 0.48526429 0.48603610
0.53754333 0.47492425 0.51121745
0.53754701 0.47493096 0.51409915
0.53755345 0.47494899 0.51504463
0.53763327 0.47607428 0.51787171
0.53784404 0.48535843 0.48790856
0.53854287 0.47599046 0.51028210
0.53858743 0.47607152 0.51221426
0.53860700 0.47609115 0.51312891
0.53860456 0.47701149 0.50931123
0.53868665 0.47711868 0.51311781
0.53865059 0.47799906 0.50934492
0.53871449 0.47807533 0.51506722
0.53875859 0.47906204 0.51320840
0.53869326 0.47994424 0.51690225
0.53875531 0.48100029 0.51417399
0.53874307 0.48091038 0.51685436
0.52142070 0.48180482 0.53741921
0.52357731 0.47805771 0.53545029
0.52355260 0.48180039 0.53735791
0.52558831 0.47630615 0.53368265
0.52562396 0.47810199 0.53547546
0.52562640 0.48370277 0.53731406
0.52770645 0.47993288 0.53536400
0.52756963 0.48756198 0.53731296
0.52776165 0.49386660 0.53739342
0.52978949 0.49570778 0.53540179
0.53286715 0.47235612 0.52021725
0.53322152 0.47633385 0.52983763
0.53348307 0.48776074 0.53343037
0.53357093 0.49389258 0.53348441
0.53525404 0.47830280 0.52977520
0.53536966 0.48797064 0.52968200
0.53701087 0.47447220 0.51641868
0.46681790 0.49152842 0.51060732
0.46682500 0.49239743 0.51112044
0.46678994 0.49243083 0.50833577
0.46682552 0.49251439 0.51112637
0.46681715 0.49274642 0.51078792
0.46683154 0.49301696 0.51102764
0.46682673 0.49313236 0.51091497
0.46677451 0.49414144 0.50853304
0.46693226 0.49081849 0.51098470
0.46692803 0.49084606 0.51122282
0.46690133 0.49141429 0.50834798
0.46689183 0.49155104 0.50812318
0.46693535 0.49214967 0.51201797
0.46696038 0.49251950 0.51229170
0.46688086 0.49239782 0.50659827
0.46688268 0.49253600 0.50660785
0.46693063 0.49446354 0.51021143
0.46705407 0.49484085 0.51090879
0.46705436 0.49494382 0.51080843
0.46705020 0.49525023 0.51012604
0.46704717 0.49525895 0.51047663
0.46717337 0.48963590 0.51216784
0.46717109 0.48965153 0.51229180
0.46719596 0.48964674 0.50962477
0.46717087 0.49516846 0.51091667
0.46716833 0.49527399 0.51081149
0.46731644 0.48912386 0.51264902
0.46733177 0.48929466 0.50960270
0.46732389 0.48929857 0.50983727
0.46732572 0.48943483 0.51340013
0.46732822 0.48958392 0.51353743
0.46733079 0.48973685 0.51367536
0.46732676 0.49001885 0.51379225
0.46733854 0.49015208 0.51392100
0.46734603 0.49043975 0.51405892
0.46729150 0.49573249 0.51060495
0.46743740 0.48895628 0.51212565
0.46746553 0.48913148 0.51368385
0.46747080 0.48914531 0.50960094
0.46744629 0.48926569 0.50927480
0.46757585 0.48878997 0.51175277
0.46762135 0.48884238 0.51395368
0.46764056 0.48899362 0.51439163
0.46765472 0.48913900 0.51464870
0.46759183 0.48911647 0.50926927
0.46765674 0.48926611 0.51477168
0.46752406 0.48984329 0.50729805
0.46772780 0.48852601 0.51302930
0.46774134 0.48855319 0.51368356
0.46778301 0.48871924 0.51451644
0.46778870 0.48888346 0.51500231
0.46779779 0.48928952 0.51538379
0.46779450 0.48942357 0.51539248
0.46765934 0.48957979 0.50742090
0.46763366 0.48971273 0.50720583
0.46776152 0.49069033 0.51538997
0.46763418 0.49604743 0.51122458
0.46788229 0.48883239 0.50949219
0.46792070 0.48904753 0.51550257
0.46791266 0.48930684 0.51573275
0.46791032 0.48957487 0.51574961
0.46771270 0.49682738 0.50474902
0.46770485 0.49694971 0.50485863
0.46799867 0.48814219 0.51340671
0.46801061 0.48814997 0.51383307
0.46802594 0.48831774 0.51462744
0.46804785 0.48858138 0.51013633
0.46781325 0.49684242 0.50440791
0.46814906 0.48801211 0.51409863
0.46815068 0.48819674 0.51485306
0.46792061 0.49019837 0.50520120
0.46814274 0.49115905 0.51626663
0.46813503 0.49152760 0.51622754
0.46829323 0.48784525 0.51367995
0.46828997 0.48788102 0.51434199
0.46826667 0.49139808 0.51651120
0.46826533 0.49151296 0.51650091
0.46825280 0.49178639 0.51635277
0.46840856 0.48775348 0.51446133
0.46853770 0.48759746 0.51392728
0.46851104 0.48781566 0.51520908
0.46851885 0.48810869 0.51582956
0.46851849 0.48823822 0.51596025
0.46840791 0.48881742 0.50766836
0.46866006 0.48747484 0.51418981
0.46865742 0.48751051 0.51480368
0.46864814 0.48784593 0.51570583
0.46864668 0.48864736 0.51659857
0.46853529 0.48871195 0.50775785
0.46878447 0.48753620 0.51544447
0.46878070 0.48769805 0.51582028
0.46876748 0.48851556 0.51671849
0.46875762 0.48910049 0.51722305
0.46876370 0.48932946 0.51723477
0.46892389 0.48723141 0.51429355
0.46889053 0.48838184 0.51683408
0.46882708 0.49243236 0.51696432
0.46881289 0.49254235 0.51684590
0.46906497 0.48710579 0.51440745
0.46894782 0.49208226 0.51732806
0.46894899 0.49230400 0.51722230
0.46894108 0.49253047 0.51709743
0.46906488 0.49241696 0.51733779
0.46940648 0.48852057 0.51796286
0.46931670 0.49195199 0.51785391
0.46902458 0.49352627 0.49795999
0.46959460 0.49009264 0.51848210
0.46972214 0.48983499 0.51860459
0.46966790 0.49218678 0.51822503
0.46983587 0.48649704 0.51633389
0.47008024 0.48611497 0.51601484
0.47025583 0.49074294 0.51934687
0.47008506 0.49307103 0.49523340
0.47024827 0.49189069 0.49560452
0.47014932 0.49447829 0.49535430
0.47013317 0.49459072 0.49547419
0.47064925 0.48960264 0.51955977
0.47062337 0.49061348 0.51969645
0.47075830 0.48567279 0.51605299
0.47074040 0.48567575 0.51619176
0.47071455 0.49085212 0.51980335
0.47066563 0.49091807 0.49536377
0.47086009 0.48961146 0.51978337
0.47086683 0.48898890 0.50095042
0.47105859 0.48962220 0.51998708
0.47096296 0.48887438 0.50107650
0.47116328 0.48974225 0.52009264
0.47145723 0.48528825 0.51796855
0.47169531 0.48503151 0.51792705
0.47168057 0.48519701 0.51833304
0.47166436 0.48589323 0.51890837
0.47181702 0.48489714 0.51777074
0.47176868 0.48589645 0.51900830
0.47173281 0.48888893 0.52031025
0.47161641 0.49305768 0.49096370
0.47192790 0.48491940 0.51804499
0.47190365 0.48509329 0.51844704
0.47189938 0.48537728 0.51884541
0.47204818 0.48477637 0.51762344
0.47203688 0.48478226 0.51775781
0.47185573 0.49222008 0.49117533
0.47185049 0.49239017 0.49103682
0.47197406 0.49210046 0.49106872
0.47219479 0.48538958 0.51906803
0.47207952 0.48817679 0.50069964
0.47211680 0.48842952 0.49966276
0.47208529 0.49212038 0.49080885
0.47205169 0.49272155 0.49030719
0.47217227 0.49287845 0.49006380
0.47236221 0.48817334 0.50016579
0.47237783 0.48830342 0.49964310
0.47237298 0.48842370 0.49926270
0.47230788 0.49212204 0.49034186
0.47242507 0.49213001 0.49010853
0.47240202 0.49273590 0.48972204
0.47267360 0.49185990 0.48990088
0.47266488 0.49200791 0.48975951
0.47277754 0.49202435 0.48952360
0.47317891 0.49147500 0.48956849
0.47314619 0.49174967 0.48919476
0.47308659 0.49667682 0.52047852
0.47329792 0.49148451 0.48932852
0.47337591 0.49187113 0.48871602
0.47373353 0.49325010 0.48782562
0.47395124 0.49374033 0.48770254
0.47427012 0.48413317 0.51428203
0.47423639 0.49115443 0.48816589
0.47437415 0.49089678 0.48826576
0.47458971 0.49089121 0.48806309
0.47479951 0.49101335 0.48772633
0.47478955 0.49113910 0.48760059
0.47487526 0.48370273 0.51507734
0.47577861 0.49219128 0.48609720
0.47573831 0.49269788 0.48584085
0.47573574 0.49281914 0.48583083
0.47584766 0.49270205 0.48573132
0.47584287 0.49281969 0.48572708
0.47595153 0.49269362 0.48563262
0.47615029 0.49278760 0.48544007
0.47612103 0.49302148 0.48544404
0.47680667 0.49538477 0.48510736
0.47714528 0.49489102 0.48476813
0.47734769 0.49548330 0.48468164
0.47786579 0.51914056 0.51140833
0.47823294 0.51778021 0.51468743
0.47823617 0.51789554 0.51456917
0.47846927 0.51766185 0.51527959
0.47859525 0.51764632 0.51553623
0.47915439 0.51765218 0.51610378
0.47905218 0.52532223 0.50360247
0.47928141 0.51765576 0.51622878
0.47916465 0.52551908 0.50536826
0.47928480 0.52577614 0.50538473
0.47937393 0.52621074 0.50383184
0.47947415 0.52630452 0.50359528
0.47947891 0.52650863 0.50394417
0.47947952 0.52651654 0.50405729
0.47954414 0.52566771 0.50237624
0.47954974 0.52575456 0.50246025
0.47957910 0.52641250 0.50340016
0.47958278 0.52672220 0.50407220
0.47958122 0.52672975 0.50427907
0.47970446 0.52684414 0.50394365
0.47983008 0.52696468 0.50441208
0.47992565 0.52707806 0.50405062
0.47993893 0.52707451 0.50429961
0.48048083 0.49689447 0.52859144
0.47999521 0.52627393 0.50183320
0.48058714 0.49700964 0.52869417
0.48021712 0.52691715 0.50206442
0.48083659 0.49741146 0.52894844
0.48062158 0.51561400 0.51866940
0.48032523 0.52747054 0.50345824
0.48042536 0.52743968 0.50279860
0.48043343 0.52755967 0.50314092
0.48044408 0.52757962 0.50336523
0.48107982 0.49978145 0.52916598
0.48056227 0.52769287 0.50314889
0.48117533 0.49966198 0.52925778
0.48118734 0.49979339 0.52925407
0.48120410 0.50004531 0.52916986
0.48131104 0.50005485 0.52926344
0.48081074 0.52734372 0.50130146
0.48078418 0.52754730 0.50173470
0.48142503 0.49994453 0.52938262
0.48143353 0.50017484 0.52927845
0.48091364 0.52766999 0.50172181
0.48151943 0.49760872 0.52951374
0.48152813 0.49771439 0.52952145
0.48153376 0.49968652 0.52949535
0.48105583 0.52780723 0.50171888
0.48161312 0.49209017 0.52749792
0.48174779 0.49750143 0.52963574
0.48179880 0.49982848 0.52962988
0.48190736 0.49934873 0.52973704
0.48191823 0.49946833 0.52974043
0.48191950 0.49995732 0.52962721
0.48204971 0.49970417 0.52974971
0.48221781 0.49404287 0.52871777
0.48222145 0.49485768 0.52905736
0.48220247 0.49515664 0.52914642
0.48221445 0.49550387 0.52926130
0.48238451 0.49909538 0.52986712
0.48238379 0.49923861 0.52987018
0.48192682 0.52770527 0.50861426
0.48256927 0.49418952 0.52896081
0.48268057 0.49347731 0.52872256
0.48251084 0.52080488 0.48880199
0.48229255 0.52806758 0.50874495
0.48280713 0.49358962 0.52883903
0.48293704 0.49585332 0.52971608
0.48252773 0.52842064 0.50859577
0.48305957 0.49627259 0.52984027
0.48266035 0.52854043 0.50860254
0.48342253 0.49559258 0.52982949
0.48298984 0.52875495 0.50874577
0.48309082 0.52885553 0.50863190
0.48438962 0.52172630 0.51778210
0.48461839 0.52286110 0.48540876
0.48461517 0.52296927 0.48551423
0.48485798 0.52310026 0.48514831
0.48457777 0.52975459 0.50840000
0.48519303 0.52306797 0.48431012
0.48534134 0.52160225 0.48291833
0.48536439 0.52206383 0.48321250
0.48549886 0.52187041 0.48289193
0.48517100 0.52823070 0.51306621
0.48564017 0.52219661 0.48296842
0.48575544 0.52190833 0.48264102
0.48590677 0.51572272 0.52272669
0.48577874 0.52394460 0.48457663
0.48613952 0.51562881 0.52295072
0.48606090 0.52097520 0.48175602
0.48571667 0.52883936 0.51276891
0.48615299 0.52074626 0.48154544
0.48618011 0.52099196 0.48164821
0.48584212 0.52884463 0.51287363
0.48623656 0.52512604 0.48535807
0.48636966 0.52050081 0.48121628
0.48639447 0.52076084 0.48132217
0.48636530 0.52525251 0.48534189
0.48648714 0.52051100 0.48110531
0.48683063 0.53175632 0.50604059
0.48789160 0.51603789 0.52381348
0.48784440 0.52330872 0.48143932
0.48785052 0.52341602 0.48154118
0.48793590 0.52318597 0.48123659
0.48802946 0.52339167 0.48135413
0.48825117 0.52317575 0.48102214
0.48837874 0.52328460 0.48101917
0.48881090 0.52390508 0.48123411
0.48964372 0.51515068 0.47786227
0.48988525 0.52956309 0.48728893
0.49001729 0.52968757 0.48729508
0.49046686 0.52954795 0.48645221
0.49077630 0.51804352 0.47774674
0.49070921 0.52281878 0.47933343
0.49102015 0.50830368 0.47583538
0.49113529 0.50880999 0.47581204
0.49128343 0.50816133 0.47569388
0.49126566 0.50857038 0.47570013
0.49137054 0.50891107 0.47569759
0.49137939 0.49940091 0.47649290
0.49150212 0.49958936 0.47638213
0.49160729 0.53226702 0.48937510
0.49186335 0.47557594 0.52520798
0.49236895 0.47585026 0.52574801
0.49287025 0.53539805 0.49417490
0.49303949 0.47388418 0.52296602
0.49306572 0.47388490 0.52322367
0.49301484 0.53553164 0.49418766
0.49293815 0.52688236 0.48143350
0.49353376 0.47361803 0.52275563
0.49355628 0.47361510 0.52301833
0.49301149 0.52761273 0.48197760
0.49363089 0.47359938 0.52203818
0.49324014 0.52761367 0.48186481
0.49335553 0.52803708 0.48217738
0.49398766 0.47347744 0.52193359
0.49645335 0.51683932 0.52760921
0.49826117 0.53384896 0.48480742
0.50076061 0.51996621 0.47294473
0.50088477 0.52022620 0.47295527
0.50109372 0.51838512 0.47253350
0.50166660 0.52159834 0.47338727
0.50174212 0.52198861 0.47358831
0.50337308 0.48961152 0.47378128
0.50374632 0.48925641 0.47379583
0.50640407 0.52265003 0.47221257
0.50691663 0.51998809 0.47072445
0.50713366 0.52008926 0.47071009
0.50714118 0.52058652 0.47095990
0.50802858 0.51973945 0.47035882
0.50863555 0.49952985 0.46910951
0.50914587 0.51569521 0.46845459
0.50929336 0.51617725 0.46858083
0.50941676 0.51522747 0.46820866
0.50956406 0.51902568 0.46988311
0.51000456 0.51902155 0.46988555
0.51012842 0.51901849 0.46988844
