0.48034232 0.49969349 0.53143994
0.48033223 0.50017767 0.53165394
0.48034590 0.50043467 0.53164271
0.48060368 0.50017266 0.53217272
0.48080586 0.49900423 0.53170036
0.48081758 0.49921162 0.53191133
0.48088916 0.50066406 0.53266016
0.48086670 0.50406139 0.53247845
0.48109215 0.49924388 0.53218509
0.48109508 0.50385622 0.53314580
0.48079736 0.51032194 0.53063965
0.48073883 0.51126725 0.53013542
0.48098193 0.51172415 0.53059421
0.48144342 0.49862891 0.53193880
0.48148216 0.49886432 0.53219310
0.48157884 0.49970251 0.53288369
0.48162826 0.50043737 0.53310924
0.48124349 0.51167145 0.53109941
0.48119834 0.51213486 0.53080996
0.48112253 0.51372705 0.52937796
0.48136139 0.51488262 0.52867380
0.48136481 0.51515361 0.52796413
0.48163968 0.51487064 0.53013994
0.48186247 0.51558232 0.52986576
0.48182757 0.51604036 0.52912809
0.48244505 0.49952956 0.53334775
0.48213180 0.51486670 0.53083835
0.48211615 0.51531029 0.53061784
0.48210238 0.51556172 0.53034658
0.48206891 0.51599746 0.52986012
0.48206123 0.51623171 0.52960140
0.48235368 0.51487835 0.53106569
0.48226429 0.51723896 0.52739447
0.48286875 0.50596882 0.53502835
0.48286641 0.50621514 0.53502373
0.48256553 0.51417051 0.53153926
0.48256979 0.51553268 0.53085007
0.48249941 0.51774762 0.52661309
0.48250140 0.51772712 0.52710967
0.48275752 0.51574759 0.53083187
0.48275501 0.51716875 0.52936260
0.48274886 0.51768301 0.52836286
0.48297347 0.51598343 0.53081803
0.48302171 0.51765999 0.52910674
0.48301484 0.51793278 0.52859782
0.48319131 0.51435078 0.53197240
0.48317692 0.51639925 0.53060856
0.48323561 0.51790381 0.52908382
0.48323128 0.51816605 0.52859515
0.48369557 0.51767829 0.52980885
0.48368835 0.51789935 0.52957686
0.48531504 0.52258418 0.52271051
0.48533519 0.52261611 0.52313815
0.48555762 0.51487653 0.53337262
0.48554938 0.51604899 0.53267471
0.48551328 0.52277845 0.52224785
0.48578949 0.51557318 0.53314066
0.48576025 0.51627064 0.53267080
0.48577067 0.52302236 0.52337959
0.48663945 0.52409893 0.52174238
0.48689082 0.52434701 0.52124229
0.48714535 0.52459320 0.52100283
0.48766273 0.52531595 0.52145749
0.48764622 0.52530544 0.52169518
0.48761357 0.52527337 0.52217005
0.48812881 0.51605605 0.53406455
0.48835638 0.51562236 0.53428447
0.49195905 0.52760306 0.51625928
0.49263438 0.52805713 0.51621488
0.49309248 0.51655674 0.53581247
0.49290511 0.52808600 0.51528652
0.49323193 0.51513916 0.53624346
0.49361715 0.51634889 0.53606732
0.49335700 0.52851299 0.51616615
0.49400078 0.51495785 0.53649759
0.49385078 0.52876003 0.51568649
0.49421165 0.51452262 0.53650534
0.49428262 0.51525241 0.53650745
0.49435094 0.51618112 0.53632321
0.49444229 0.51430781 0.53651117
0.49454671 0.51553770 0.53650039
0.49519447 0.51383470 0.53652445
0.49522441 0.51597048 0.53654095
0.49566976 0.51381735 0.53653734
0.49570778 0.52971605 0.51477842
0.49594723 0.52972559 0.51457744
0.49689980 0.51573444 0.53654678
0.49764707 0.51593324 0.53654398
0.49814215 0.51594535 0.53652865
0.50197467 0.51167926 0.53649665
0.50197770 0.51215241 0.53650632
0.52027090 0.49996986 0.52574603
0.52072233 0.50048421 0.52578447
0.52071898 0.50072523 0.52580514
0.52090029 0.50021406 0.52534056
0.52091211 0.50046602 0.52558841
0.52113753 0.50043073 0.52510475
0.52114157 0.50071224 0.52537220
0.48817829 0.52562754 0.52292480
0.48816930 0.52560658 0.52338236
0.48817871 0.52558294 0.52384958
0.49063727 0.52661572 0.52651722
0.49115592 0.52663405 0.52704847
0.49115654 0.52713320 0.52599880
0.49167702 0.52715648 0.52654167
0.49165785 0.52763317 0.52545482
0.49216234 0.52764206 0.52602702
0.49261927 0.52763799 0.52656230
0.49314941 0.52661637 0.52912751
0.49378219 0.52324049 0.53351979
0.49351123 0.52808867 0.52652305
0.49508506 0.52320358 0.53447340
0.49504782 0.52506732 0.53296947
0.49487077 0.52961510 0.52054277
0.49551963 0.52504574 0.53299756
0.49606722 0.52412747 0.53399043
0.49588545 0.52905986 0.52642178
0.49594456 0.52958024 0.52391911
0.49653258 0.52095667 0.53534482
0.49654818 0.52413724 0.53398454
0.49644502 0.52793317 0.52913594
0.49630260 0.53005270 0.51509749
0.49629574 0.53007044 0.51554616
0.49695531 0.52276104 0.53488929
0.49700615 0.52458457 0.53352731
0.49696201 0.52745576 0.53008890
0.49690003 0.52903750 0.52701602
0.49740941 0.53006299 0.52436745
0.49793867 0.52849326 0.52812031
0.49842412 0.52140326 0.53532692
0.49846351 0.52903757 0.52702354
0.49830215 0.53095778 0.51975508
0.49832523 0.53095885 0.52064935
0.49878451 0.52456243 0.53309281
0.49938890 0.52140993 0.53533499
0.49935882 0.52747096 0.53006644
0.49941771 0.52798291 0.52909141
0.49969339 0.53145710 0.51659870
0.49974518 0.53144626 0.52021943
0.50085394 0.52604723 0.53055511
0.50091973 0.52706709 0.52948900
0.50133359 0.52560843 0.53056217
0.50228717 0.52519297 0.53002868
0.50309834 0.53132949 0.51318018
0.50588809 0.53276634 0.51523975
0.50828105 0.53174925 0.51854401
0.50877090 0.53176195 0.51807171
0.50516325 0.53350492 0.51737197
0.50611605 0.53345075 0.51644805
0.50705687 0.53346862 0.51640329
0.50703665 0.53345052 0.51736722
0.47796842 0.50007988 0.52207959
0.47797741 0.50007689 0.52233610
0.47797041 0.50034329 0.52233910
0.47797070 0.50034085 0.52246074
0.47811722 0.49953470 0.52248662
0.47812728 0.49965557 0.52274896
0.47805059 0.50072438 0.52113434
0.47824925 0.50057383 0.52381120
0.47836576 0.50119463 0.52405094
0.47837965 0.50277575 0.52101826
0.47909049 0.49839958 0.52753424
0.47908044 0.49898392 0.52762520
0.47919951 0.49828197 0.52776494
0.47903665 0.48989323 0.49955508
0.47903118 0.49001777 0.49932725
0.47903307 0.49013734 0.49920186
0.47902135 0.49036693 0.49906341
0.47902126 0.49047041 0.49906084
0.47903805 0.49078252 0.49905469
0.47902878 0.49089512 0.49916270
0.47931357 0.49784372 0.52766006
0.47914115 0.48979964 0.49933906
0.47912884 0.48996807 0.49879307
0.47913229 0.49008314 0.49865892
0.47915218 0.50259242 0.50754850
0.47916149 0.50279814 0.50775205
0.47915749 0.50301478 0.50806566
0.47916279 0.50311455 0.50815413
0.47913408 0.50308249 0.50850117
0.47925094 0.48972409 0.49891553
0.47925703 0.48968682 0.49945540
0.47925957 0.49020049 0.49829674
0.47925286 0.49052878 0.49816058
0.47925638 0.49095618 0.49814808
0.47925420 0.49120843 0.49824561
0.47926800 0.50172965 0.50580863
0.47927952 0.50197074 0.50605029
0.47928568 0.50208180 0.50615863
0.47925417 0.50408151 0.51005775
0.47913737 0.50767614 0.52140687
0.47935866 0.48962184 0.49869749
0.47938089 0.49043145 0.49790417
0.47936393 0.49120807 0.49802454
0.47947454 0.48947171 0.49913587
0.47948451 0.48988060 0.49804733
0.47948952 0.49010993 0.49779990
0.47983678 0.49684730 0.52663792
0.47959574 0.48937015 0.49868721
0.47961051 0.48949163 0.49831016
0.47973506 0.50340775 0.50651888
0.47970732 0.49043122 0.49720846
0.47986475 0.50363415 0.50647370
0.47980921 0.50400866 0.50732236
0.47983187 0.48999232 0.49709202
0.48027477 0.49904521 0.53072275
0.48056995 0.48915934 0.49708350
0.48063796 0.49236549 0.51605550
0.48061032 0.51000876 0.53025140
0.48059137 0.51014873 0.53012402
0.48069928 0.48840111 0.49979098
0.48064476 0.51156439 0.52971878
0.48081022 0.48829196 0.49970016
0.48084092 0.48845137 0.49794792
0.48070176 0.49747181 0.49874209
0.48095550 0.48818109 0.49883841
0.48092513 0.48817982 0.49948369
0.48095853 0.48847152 0.49757666
0.48094704 0.48874941 0.49707080
0.48110319 0.48829863 0.49770758
0.48106045 0.51427581 0.52768942
0.48116969 0.51488314 0.52714310
0.48141501 0.48778431 0.49947542
0.48127526 0.51544095 0.52594499
0.48139043 0.51577057 0.52603613
0.48164508 0.49841413 0.49713242
0.48195085 0.49165729 0.51929583
0.48211810 0.49186621 0.52043457
0.48203994 0.49928799 0.49688340
0.48244925 0.48817738 0.49566976
0.48236820 0.49275387 0.49335661
0.48259906 0.49251855 0.49312497
0.48261543 0.49323783 0.49309440
0.48256706 0.50015648 0.49664798
0.48273187 0.48866579 0.49475583
0.48264411 0.49021410 0.49349919
0.48291113 0.48725592 0.49610954
0.48279867 0.48955589 0.49382826
0.48326755 0.48648841 0.49777106
0.48324320 0.48685244 0.49651354
0.48318691 0.48727578 0.49579521
0.48317197 0.49746725 0.49294860
0.48330407 0.49881784 0.49351331
0.48346663 0.48638398 0.49742695
0.48337809 0.49710641 0.49252982
0.48338906 0.49779814 0.49272936
0.48348460 0.49747380 0.49243027
0.48359844 0.49760807 0.49231484
0.48371950 0.49761979 0.49219115
0.48373278 0.49786227 0.49230107
0.48385472 0.49720830 0.49194294
0.48384163 0.49762282 0.49206960
0.48394017 0.50185690 0.49587783
0.48407552 0.49611051 0.49159017
0.48427087 0.48608509 0.50164382
0.48457611 0.52124154 0.52282904
0.48523265 0.49036208 0.52593265
0.48501803 0.52194499 0.52249167
0.48578936 0.48479548 0.49933600
0.48584066 0.48476211 0.49741270
0.48594717 0.48474440 0.49997588
0.48575804 0.48708372 0.49330505
0.48605244 0.48464284 0.49961699
0.48592438 0.48512972 0.49540713
0.48591312 0.48522572 0.49519017
0.48603141 0.48502253 0.49551891
0.48624082 0.48447259 0.49851523
0.48610872 0.48512367 0.49511055
0.48630856 0.48484603 0.49552441
0.48648620 0.48475443 0.49543167
0.48648923 0.48486520 0.49511107
0.48659886 0.48475423 0.49522526
0.48702028 0.48400319 0.49918932
0.48702712 0.48399899 0.49945612
0.48703916 0.48399411 0.49960120
0.48723867 0.48666159 0.52235192
0.48727497 0.48387549 0.49962829
0.48725999 0.48386344 0.49789134
0.48731283 0.52427402 0.51894186
0.48734215 0.48388564 0.49746292
0.48765892 0.48367184 0.49916224
0.48810811 0.48815850 0.52808424
0.48823490 0.49170573 0.53121501
0.48832686 0.48804342 0.52819268
0.48846328 0.49296576 0.53220970
0.48823151 0.50408763 0.53550391
0.48857051 0.49185482 0.53155892
0.48856029 0.48873311 0.52909316
0.48869479 0.49211911 0.53182607
0.48867891 0.48582536 0.52343496
0.48881120 0.49186696 0.53169570
0.48881367 0.49223376 0.53194404
0.48875628 0.49939007 0.48850700
0.48879730 0.50480124 0.53563519
0.48913047 0.48738662 0.52784954
0.48913763 0.48750443 0.52808021
0.48915495 0.49200544 0.53193883
0.48925661 0.48761598 0.52840837
0.48925107 0.48773890 0.52864788
0.48971533 0.49306230 0.53276162
0.48985781 0.48928968 0.53022712
0.48938633 0.49032451 0.48644661
0.48986149 0.49282461 0.53264079
0.48949355 0.48985443 0.48667650
0.48960980 0.48985775 0.48655775
0.48964066 0.49597132 0.48616097
0.49001895 0.49533633 0.53366419
0.49022516 0.48915726 0.53018988
0.49020544 0.48928626 0.53031569
0.49018271 0.49342054 0.53298981
0.48984824 0.48949847 0.48668275
0.48986058 0.48973285 0.48643301
0.49028604 0.49389121 0.53321813
0.48998743 0.48949521 0.48655794
0.48998893 0.48961374 0.48643864
0.49037695 0.49537188 0.53367783
0.49012266 0.48949694 0.48643828
0.49055160 0.48925055 0.53027949
0.49052607 0.48950449 0.53054473
0.49050996 0.49410042 0.53332428
0.49027256 0.52474326 0.51357113
0.49022988 0.52551133 0.51493467
0.49066631 0.49338376 0.53298353
0.49062461 0.49448656 0.53344450
0.49038682 0.52496136 0.51369912
0.49033760 0.52562201 0.51493372
0.49035072 0.48960117 0.48620951
0.49074326 0.49386686 0.53321761
0.49074469 0.49408763 0.53332393
0.49082305 0.48384219 0.51756794
0.49077777 0.48464229 0.52231722
0.49050433 0.49285368 0.48463330
0.49050186 0.49294919 0.48463512
0.49088278 0.49362650 0.53310299
0.49092497 0.48474925 0.52266123
0.49058796 0.49223714 0.48465924
0.49101022 0.48464128 0.52244980
0.49121182 0.48985820 0.53080192
0.49083838 0.49211191 0.48442441
0.49110635 0.50447734 0.48903278
0.49084837 0.48495762 0.49033617
0.49096400 0.49283493 0.48427695
0.49144183 0.48985752 0.53080091
0.49109222 0.49225547 0.48415911
0.49121172 0.49199398 0.48417038
0.49120462 0.49238275 0.48404111
0.49131188 0.49283483 0.48403890
0.49178060 0.48368942 0.51980244
0.49144528 0.49187520 0.48406117
0.49143997 0.49212393 0.48394023
0.49152041 0.48179082 0.49838226
0.49152223 0.48179502 0.49849271
0.49190658 0.48983545 0.53077471
0.49223184 0.49186071 0.53215876
0.49243382 0.50427331 0.48772119
0.49254339 0.48164909 0.50551227
0.49291156 0.48995026 0.53078281
0.49272243 0.48122708 0.49512741
0.49320078 0.48284421 0.51765244
0.49316576 0.49189372 0.53218187
0.49319652 0.49213965 0.53231758
0.49328802 0.49214893 0.53231986
0.49338053 0.49128590 0.53181816
0.49337389 0.48083073 0.49623685
0.49364072 0.48069766 0.49598558
0.49364603 0.48069583 0.49610381
0.49367230 0.49128275 0.53181048
0.49401439 0.48056494 0.49576003
0.49412562 0.48170576 0.49107959
0.49456621 0.49157090 0.53196445
0.49457643 0.49231891 0.53235908
0.49487786 0.50924456 0.48893665
0.49487552 0.50936097 0.48904635
0.49497975 0.50935732 0.48893831
0.49498190 0.49155700 0.53185540
0.49512839 0.48041602 0.49192523
0.49513118 0.48053477 0.49170433
0.49523551 0.48053643 0.49158955
0.49550205 0.48005827 0.49284502
0.49550684 0.48004915 0.49295465
0.49551611 0.48003395 0.49367233
0.49551178 0.48003408 0.49401364
0.49544821 0.48031465 0.49183031
0.49567793 0.50748538 0.48661019
0.49566351 0.50771768 0.48673304
0.49556110 0.48031777 0.49170915
0.49557139 0.48170091 0.48960911
0.49582318 0.48131709 0.48989176
0.49592744 0.48132992 0.48976764
0.49590960 0.48260814 0.48832409
0.49669417 0.48019798 0.49093473
0.49664447 0.48055853 0.49022699
0.49700827 0.48020397 0.49058581
0.49712070 0.48020856 0.49047715
0.49723900 0.48007982 0.49083079
0.49734424 0.48008197 0.49071888
0.49792894 0.49123633 0.48100599
0.49794492 0.49148255 0.48087526
0.49852572 0.48422422 0.52428678
0.49806660 0.49136429 0.48087467
0.49863197 0.48421484 0.52427819
0.49840335 0.48207910 0.48687549
0.49851253 0.48236943 0.48648721
0.49878978 0.48170947 0.48710527
0.49903118 0.48418623 0.52425098
0.49890257 0.48195726 0.48664495
0.49915723 0.48195335 0.48652100
0.49909769 0.48305693 0.48547917
0.49911768 0.48367161 0.48498359
0.49933141 0.51978395 0.49690811
0.49933242 0.52011452 0.49733753
0.49946035 0.51978268 0.49677435
0.49939870 0.51483014 0.49072350
0.49958229 0.48102933 0.48788506
0.49949020 0.48237100 0.48588818
0.49945426 0.48265286 0.48562848
0.49988893 0.51082028 0.53659036
0.49992337 0.51161019 0.53659163
0.49971595 0.48115586 0.48761771
0.49955007 0.51048320 0.48576995
0.50005710 0.51162503 0.53658864
0.49961130 0.51494417 0.49063213
0.49987454 0.48026908 0.48936413
0.49975166 0.48234827 0.48577389
0.50011133 0.51044967 0.53658613
0.49973447 0.51505664 0.49064105
0.49980358 0.51803714 0.49413981
0.50000205 0.48015046 0.48959316
0.49999020 0.48088389 0.48802275
0.49990101 0.48218050 0.48591592
0.50004922 0.48202601 0.48604583
0.50035016 0.51034336 0.53658372
0.50021107 0.47915007 0.49328753
0.50025068 0.48074834 0.48827334
0.50038548 0.48074538 0.48827389
0.50037939 0.48086885 0.48802360
0.50031344 0.48230394 0.48563558
0.50061455 0.51034958 0.53657689
0.50054762 0.48209238 0.52147907
0.50077132 0.51115609 0.53658096
0.50029645 0.51507236 0.49008988
0.50101364 0.47965846 0.49078770
0.50097604 0.48210290 0.48589144
0.50125778 0.51073620 0.53657643
0.50129609 0.47977067 0.49041286
0.50120501 0.48210690 0.48588245
0.50122357 0.48224837 0.52171413
0.50117542 0.48530553 0.52575999
0.50088343 0.48656081 0.48216618
0.50088529 0.48692731 0.48193467
0.50142480 0.47976898 0.49040225
0.50163219 0.51023063 0.53645781
0.50119124 0.52036029 0.49592354
0.50163464 0.47977292 0.49039372
0.50162282 0.48530732 0.52576973
0.50201243 0.51037705 0.53633965
0.50198499 0.48181012 0.48640824
0.50211563 0.48181016 0.48641146
0.50195814 0.48542461 0.52588809
0.50195612 0.48554167 0.52600452
0.50225378 0.48181286 0.48641110
0.50237253 0.48169079 0.48664730
0.50249495 0.47989199 0.49027796
0.50248392 0.48181807 0.48641162
0.50230439 0.48646895 0.52680524
0.50231624 0.51623558 0.49026641
0.50231572 0.51647015 0.49047982
0.50232246 0.51658275 0.49059131
0.50242868 0.48612790 0.52647174
0.50243265 0.48624277 0.52657282
0.50308822 0.51246449 0.53587471
0.50268812 0.48437334 0.48256364
0.50279902 0.48447441 0.48245846
0.50332715 0.51284893 0.53563483
0.50289678 0.51612702 0.49003206
0.50295068 0.48421989 0.48257507
0.50319124 0.48341068 0.48366816
0.50308288 0.48420921 0.48258040
0.50306465 0.48433242 0.48246351
0.50359245 0.51310365 0.53539105
0.50359395 0.51347640 0.53527087
0.50314639 0.52149368 0.49580732
0.50338262 0.48366615 0.48331104
0.50333854 0.48394466 0.48292917
0.50348630 0.51905876 0.49290804
0.50345957 0.51931182 0.49316781
0.50336335 0.52094854 0.49495384
0.50380443 0.47897676 0.49313105
0.50353854 0.52163044 0.49572152
0.50373154 0.51942702 0.49327393
0.50367438 0.52084541 0.49469889
0.50366191 0.52095856 0.49482422
0.50365690 0.52164079 0.49573070
0.50387370 0.51917539 0.49302653
0.50381279 0.52074616 0.49458118
0.50381240 0.52095625 0.49481387
0.50404967 0.52141055 0.49537793
0.50425833 0.52072217 0.49468962
0.50437640 0.51920078 0.49315807
0.50428184 0.48624733 0.52588327
0.50461286 0.51676497 0.49086387
0.50473242 0.48429476 0.52400016
0.50483968 0.48440143 0.52409658
0.50483708 0.48463372 0.52433242
0.50483083 0.48475046 0.52445163
0.50523392 0.51607578 0.53325312
0.50519268 0.48463379 0.52421025
0.50518857 0.48500361 0.52457230
0.50484759 0.48991126 0.47842301
0.50530680 0.48534463 0.52479609
0.50533034 0.51666068 0.49098421
0.50587829 0.51363171 0.53364092
0.50593005 0.52101898 0.52988519
0.50607897 0.51383861 0.53344131
0.50604336 0.52102103 0.52976390
0.50579346 0.47817344 0.51489310
0.50569225 0.49416852 0.47583678
0.50572269 0.49445768 0.47583275
0.50637959 0.51431637 0.53300837
0.50648828 0.51456478 0.53278330
0.50635186 0.47646380 0.50366185
0.50597933 0.49434222 0.47571090
0.50598535 0.49447451 0.47571240
0.50649714 0.50184600 0.53322321
0.50658311 0.47635514 0.50331911
0.50633770 0.49037751 0.47756628
0.50672493 0.52259909 0.49862041
0.50697513 0.47652897 0.50174368
0.50698193 0.47681110 0.50007523
0.50694359 0.52248278 0.49861045
0.50664837 0.49101458 0.47714626
0.50675986 0.49056855 0.47736725
0.50718203 0.52235039 0.49860374
0.50745645 0.48142500 0.48820420
0.50700192 0.48712396 0.47968021
0.50687129 0.49111764 0.47704189
0.50699528 0.49437415 0.47538929
0.50746042 0.47641504 0.50217738
0.50742650 0.49289993 0.52939326
0.50702829 0.49617917 0.47531104
0.50700856 0.49643623 0.47533812
0.50701185 0.49669430 0.47545905
0.50755768 0.49276107 0.52926058
0.50763281 0.52313649 0.50009590
0.50777731 0.47719479 0.49921113
0.50755485 0.47751204 0.51297744
0.50782741 0.48142559 0.48831709
0.50769183 0.49262826 0.52911774
0.50768294 0.49301803 0.52938672
0.50733327 0.49398298 0.47541774
0.50725420 0.49669349 0.47534264
0.50790651 0.51925970 0.52890658
0.50788776 0.51951914 0.52878213
0.50734980 0.49089264 0.47716012
0.50782640 0.49289502 0.52925508
0.50780576 0.49312741 0.52938252
0.50742767 0.49474238 0.47517458
0.50738011 0.49655785 0.47521973
0.50802347 0.51995228 0.52836543
0.50793083 0.48286315 0.48502666
0.50757184 0.49411829 0.47529723
0.50754404 0.49461510 0.47517682
0.50823704 0.51042021 0.53280684
0.50764720 0.49497956 0.47507048
0.50761842 0.49520931 0.47507712
0.50759456 0.49542897 0.47509082
0.50761859 0.49656628 0.47522367
0.50800703 0.49775192 0.53132653
0.50778343 0.49408737 0.47530075
0.50776582 0.49496787 0.47507025
0.50771035 0.49593532 0.47509388
0.50772858 0.49690957 0.47534027
0.50788564 0.49495680 0.47507083
0.50785124 0.49606611 0.47509518
0.50798561 0.49606338 0.47508926
0.50836123 0.50083350 0.53249189
0.50862646 0.49288708 0.52870280
0.50811761 0.49447077 0.47529193
0.50810781 0.49506507 0.47506113
0.50812995 0.49556309 0.47507783
0.50812904 0.49605365 0.47508613
0.50848268 0.50059951 0.53237220
0.50822340 0.49643411 0.47521683
0.50820589 0.49679437 0.47534036
0.50836484 0.49581217 0.47519323
0.50837419 0.49630133 0.47520931
0.50832747 0.49667018 0.47533841
0.50900413 0.52010023 0.52721921
0.50897240 0.48107686 0.48950479
0.50924375 0.52020221 0.52686152
0.50912256 0.47926191 0.51699186
0.50898525 0.50229495 0.47862425
0.50923936 0.47865420 0.51613148
0.50911689 0.50229030 0.47862135
0.50936175 0.47865609 0.51612995
0.50971335 0.47632624 0.50235234
0.50971286 0.50165003 0.53245423
0.50981471 0.50125804 0.53222441
0.50983519 0.50178880 0.53245791
0.50998848 0.47634277 0.50222324
0.50994430 0.47630007 0.50286097
0.50993424 0.50138548 0.53222331
0.51009714 0.47634453 0.50234417
0.51009756 0.47633164 0.50245762
0.50977324 0.48637217 0.47983551
0.51014453 0.48003828 0.51760348
0.50989551 0.48638245 0.47983477
0.51020684 0.50167272 0.53220853
0.51003512 0.48661781 0.47970680
0.51032214 0.50155641 0.53210384
0.51034303 0.50243590 0.53232119
0.51043477 0.47665892 0.50189674
0.51028219 0.47751058 0.51304710
0.51038301 0.48003226 0.51748454
0.51021042 0.48533675 0.48099066
0.51044329 0.50142119 0.53197617
0.51046637 0.50219678 0.53219261
0.51046517 0.50281406 0.53230798
0.51037113 0.47750771 0.51295583
0.51054993 0.47858551 0.51533779
0.51059629 0.48014245 0.51748971
0.51071217 0.50144053 0.53183994
0.51069007 0.48113053 0.51858900
0.51062604 0.48546094 0.48087757
0.51062165 0.48571722 0.48051445
0.51076159 0.48572588 0.48051667
0.51098076 0.47653499 0.50302842
0.51082673 0.47753851 0.51252090
0.51100654 0.47941999 0.51632591
0.51095518 0.48000163 0.51708167
0.51091930 0.48185257 0.51918213
0.51091042 0.48559082 0.48077321
0.51113438 0.47678789 0.50245273
0.51112087 0.48015651 0.49319609
0.51104170 0.48136009 0.51868415
0.51103431 0.48147676 0.51879964
0.51104531 0.48209674 0.51930687
0.51089056 0.49673617 0.47658590
0.51092477 0.50199684 0.47911618
0.51124170 0.47954427 0.51631979
0.51116279 0.48113890 0.51835469
0.51117135 0.48184834 0.51904590
0.51116885 0.48585339 0.48052148
0.51114840 0.48625016 0.48011689
0.51112923 0.48651709 0.47985713
0.51113099 0.48675355 0.47973311
0.51101156 0.49687516 0.47670026
0.51127174 0.48114095 0.51825902
0.51148079 0.48028063 0.49322184
0.51147529 0.48028467 0.51705527
0.51145130 0.48210527 0.51904834
0.51142158 0.48637682 0.48012575
0.51142005 0.48650241 0.48001061
0.51127793 0.49675524 0.47682188
0.51127581 0.50165586 0.47901263
0.51148294 0.47627490 0.50567132
0.51146055 0.47627604 0.50612975
0.51145693 0.47627780 0.50623551
0.51161162 0.47893789 0.51506836
0.51155299 0.48662773 0.48000221
0.51153678 0.48712546 0.47973418
0.51158906 0.47816296 0.51335039
0.51162425 0.48161240 0.51848037
0.51165391 0.48185964 0.51870430
0.51171383 0.48637754 0.48026891
0.51152126 0.50153841 0.47902594
0.51180531 0.48072607 0.51729577
0.51177842 0.48198971 0.51871361
0.51164069 0.49576595 0.47679512
0.51162790 0.50117240 0.47888857
0.51165687 0.50141025 0.47902539
0.51194229 0.48061895 0.51702868
0.51186875 0.48149157 0.51811325
0.51189027 0.48221523 0.51882077
0.51191143 0.48258262 0.51907454
0.51198955 0.48625150 0.48054466
0.51197630 0.48699316 0.48002145
0.51200345 0.47896488 0.51469867
0.51206699 0.48062064 0.51690446
0.51198672 0.48148799 0.51799111
0.51199671 0.48221950 0.51872298
0.51212279 0.48637493 0.48054515
0.51211657 0.48651123 0.48040667
0.51211979 0.48687516 0.48015889
0.51189460 0.49524730 0.47690413
0.51206156 0.47651335 0.50577526
0.51206501 0.47651865 0.50613861
0.51206895 0.47652959 0.50636019
0.51210492 0.48185729 0.51825618
0.51224202 0.48663656 0.48040625
0.51217826 0.47663034 0.50547279
0.51221120 0.47871761 0.51397705
0.51223757 0.48210837 0.51837887
0.51223258 0.48325983 0.51934102
0.51212832 0.49486195 0.47701569
0.51213392 0.49498291 0.47701794
0.51232598 0.47664095 0.50589785
0.51232298 0.47664157 0.50600286
0.51231009 0.47664173 0.50635228
0.51232809 0.47676305 0.50536706
0.51231715 0.47873044 0.51387975
0.51232969 0.47882591 0.51406803
0.51226816 0.49463171 0.47713724
0.51245664 0.47677646 0.50568216
0.51242106 0.47883721 0.51388470
0.51259665 0.47689121 0.50568685
0.51257695 0.47689066 0.50636270
0.51257728 0.48123805 0.51710641
0.51257035 0.48313652 0.51899225
0.51268385 0.48909134 0.47949359
0.51249479 0.49462826 0.47736410
0.51249697 0.49496940 0.47735218
0.51271289 0.47702699 0.50610902
0.51271569 0.47702741 0.50622979
0.51270882 0.48211123 0.51790716
0.51282044 0.48870199 0.47975169
0.51284746 0.47767845 0.50822240
0.51281745 0.48124876 0.51687500
0.51289600 0.48469082 0.48290804
0.51291416 0.48492305 0.48268538
0.51297822 0.48844896 0.48001484
0.51292477 0.48134899 0.51686732
0.51293366 0.48235104 0.51792565
0.51307568 0.48906875 0.47976107
0.51307588 0.48934971 0.47962744
0.51296729 0.49573483 0.47788346
0.51305843 0.47955817 0.51377575
0.51325690 0.48868408 0.48016523
0.51321742 0.48934349 0.47975638
0.51319919 0.48958958 0.47963558
0.51310967 0.49573115 0.47801647
0.51316084 0.48157773 0.51674954
0.51328125 0.48495114 0.48314128
0.51330127 0.48519886 0.48279176
0.51333955 0.48959264 0.47977122
0.51341432 0.49418750 0.47838444
0.51338864 0.48147777 0.51623317
0.51345664 0.48415752 0.48516803
0.51360101 0.48416523 0.48539785
0.51374769 0.48597786 0.48241048
0.51369388 0.49205553 0.47929258
0.51375254 0.48431475 0.48527995
0.51377067 0.48443988 0.48493763
0.51379515 0.48470742 0.48444023
0.51386452 0.48598441 0.48251758
0.51382741 0.49205996 0.47942555
0.51382249 0.49486865 0.47866742
0.51382757 0.49520381 0.47866729
0.51374209 0.48184385 0.51592002
0.51390202 0.48457038 0.48494398
0.51392555 0.48484385 0.48443812
0.51397415 0.48650856 0.48221068
0.51389899 0.48013991 0.51110192
0.51402350 0.48470182 0.48494505
0.51393662 0.48183027 0.51537907
0.51417640 0.48472920 0.48541309
0.51418743 0.48497943 0.48467663
0.51406283 0.48195189 0.51515117
0.51438109 0.48084287 0.51088229
0.51461413 0.48576559 0.48468815
0.51473688 0.48527757 0.48610970
0.51453457 0.51373626 0.49228626
0.51498496 0.48840785 0.48226908
0.51494658 0.48330557 0.51443421
0.51509935 0.51354108 0.49255609
0.51533564 0.48830192 0.48272923
0.51535062 0.48854271 0.48262933
0.51523949 0.51353564 0.49269346
0.51545918 0.48818691 0.48321628
0.51546165 0.48831032 0.48308825
0.51537962 0.51326992 0.49241758
0.51558444 0.48830736 0.48346937
0.51550726 0.51326387 0.49254609
0.51566305 0.48574993 0.48896302
0.51568148 0.48588031 0.48854303
0.51571732 0.48846143 0.48373275
0.51585013 0.48643301 0.48778548
0.51583870 0.48884284 0.48360736
0.51607139 0.48664385 0.48834665
0.51598678 0.51105352 0.48961361
0.51617936 0.49300381 0.48150316
0.51632633 0.48794473 0.48703656
0.51686758 0.50333135 0.48277861
0.51688906 0.48591559 0.51178786
0.51699740 0.48605176 0.51157272
0.51712728 0.50677861 0.48553936
0.51713122 0.50689954 0.48564889
0.51727246 0.48643203 0.51066826
0.51765251 0.48742119 0.51174583
0.52011973 0.50974648 0.52045186
0.52060143 0.50885690 0.51986377
0.52081950 0.50538724 0.49192679
0.52093014 0.50472718 0.49194818
0.52092197 0.51394561 0.49946911
0.52123213 0.50156514 0.52457054
0.52136689 0.49368470 0.49963688
0.52144456 0.49657188 0.49435003
0.52154893 0.49453551 0.49808372
0.52154417 0.49466898 0.49781810
0.52147751 0.50143887 0.52409795
0.52192035 0.51404525 0.50174069
0.52258568 0.51289870 0.49970762
0.52258506 0.51300508 0.49991344
0.52254831 0.51323128 0.50233258
0.52273656 0.50460820 0.49595199
0.52267253 0.51289772 0.50011120
0.52324844 0.50226836 0.49617793
0.52346165 0.50249121 0.49672152
0.52345531 0.50262458 0.49672578
0.52357035 0.49977087 0.49902021
0.52357809 0.50005267 0.49876540
0.52340247 0.50908118 0.49981768
0.52367077 0.49998444 0.49922783
0.52368613 0.50193923 0.49768848
0.52368870 0.50216536 0.49768896
0.52368581 0.50251458 0.49770967
0.52351803 0.50885283 0.50003939
0.52352751 0.50919749 0.50038665
0.52378486 0.49880563 0.50119229
0.52378151 0.49879059 0.50151374
0.52379688 0.50204167 0.49822503
0.52378187 0.50625420 0.51233789
0.52365316 0.50860199 0.50041852
0.52366325 0.50871634 0.50054642
0.52366068 0.50883363 0.50065778
0.52366842 0.50883483 0.50099974
0.52367191 0.50883255 0.50122129
0.52376842 0.50069235 0.51114876
0.52422116 0.50511875 0.51265352
0.52445690 0.50157747 0.50881419
0.52445645 0.50158398 0.50892946
0.52458630 0.50208001 0.50850550
0.52458968 0.50208490 0.50872070
0.52470352 0.50267549 0.51051621
0.52470667 0.50279245 0.51007832
0.52470664 0.50290189 0.51116768
0.52470807 0.50311719 0.51126807
0.52480319 0.50399336 0.51005859
