0.46939316 0.49676354 0.49554854
0.46939766 0.49725319 0.49486022
0.46961559 0.49678327 0.49487262
0.46961605 0.49702376 0.49463099
0.47111400 0.49458167 0.51977067
0.47130856 0.49458861 0.52014674
0.47154847 0.49411338 0.51993285
0.47779499 0.49346074 0.52947871
0.48156126 0.48729935 0.52805560
0.48195316 0.48689323 0.52803695
0.48265977 0.48691364 0.52900996
0.48285762 0.48649889 0.52877845
0.48305866 0.48628158 0.52854512
0.48308076 0.48651608 0.52902223
0.48898870 0.48367884 0.52916514
0.49053438 0.48269684 0.52867139
0.49174320 0.48270592 0.52913669
0.49926576 0.47390384 0.51733255
0.50638340 0.51284014 0.47200915
0.50640023 0.51328184 0.47222171
0.50644333 0.51628343 0.47579629
0.50666572 0.51351641 0.47242904
0.50695859 0.52459694 0.48834010
0.50691211 0.51329847 0.47222288
0.50712930 0.51242949 0.47158776
0.50773522 0.50754176 0.46888327
0.50833916 0.50729173 0.46859971
0.50918867 0.50849007 0.46882878
0.50942949 0.50849359 0.46883568
0.51049072 0.51867760 0.47892363
0.51131572 0.51868161 0.47891009
0.51155964 0.51780957 0.47779720
0.51236367 0.51781540 0.47781699
0.51289186 0.51782145 0.47783841
0.51307591 0.51842881 0.47864691
0.51656676 0.47445094 0.47542028
0.51686240 0.47396283 0.47611872
0.51683730 0.47420814 0.47568187
0.46569382 0.49761895 0.50742376
0.46569124 0.49762510 0.50835892
0.46615788 0.49709616 0.50653083
0.46616803 0.49710817 0.50934954
0.46661595 0.49613327 0.50698359
0.46668646 0.49606611 0.50835723
0.46665625 0.49659801 0.50982796
0.46668688 0.49890664 0.51544014
0.46664688 0.50003805 0.49949873
0.46667350 0.49994320 0.51693001
0.46716790 0.49736191 0.51352790
0.46715156 0.49945016 0.51743610
0.46758757 0.49808981 0.49943981
0.46814837 0.49861188 0.49645176
0.46896354 0.49944857 0.52198682
0.46990557 0.49941195 0.52347126
0.46987943 0.50079893 0.52389456
0.46986999 0.50130000 0.52388050
0.47039424 0.49841312 0.52343698
0.47037520 0.49891947 0.52390111
0.47331989 0.50129613 0.52929121
0.47373688 0.50272979 0.53023099
0.47465560 0.50504717 0.53200348
0.47590882 0.49859548 0.53134268
0.47644414 0.49703984 0.53086263
0.47638864 0.49857253 0.53182051
0.47619098 0.50497386 0.53407617
0.47694202 0.49750957 0.53183210
0.47688307 0.49854326 0.53230228
0.47735212 0.50388555 0.53516986
0.47790465 0.49360739 0.52981273
0.47790498 0.49462409 0.53080846
0.47785299 0.50284372 0.53519359
0.47835830 0.49512578 0.53181647
0.47842083 0.50286055 0.53574870
0.47893151 0.50085726 0.53529743
0.47895947 0.50183018 0.53577542
0.47940319 0.49461211 0.53235026
0.47931592 0.49703636 0.53377028
0.47945140 0.50088216 0.53578135
0.48039395 0.49409788 0.53281624
0.48046556 0.50144310 0.53678014
0.48051475 0.50278320 0.53724336
0.48095885 0.50191156 0.53725951
0.48139792 0.49653470 0.53525156
0.48141162 0.49748405 0.53573916
0.48194180 0.49801279 0.53629043
0.48195254 0.50328835 0.53820589
0.48292109 0.49999398 0.53774824
0.48329515 0.50467471 0.53913493
0.48344990 0.48661963 0.52938994
0.48399017 0.48892939 0.53178070
0.48545524 0.50589834 0.53996891
0.48772223 0.50835518 0.54089964
0.48770007 0.50881683 0.54092337
0.48889382 0.49091309 0.53710475
0.48894984 0.49188776 0.53760488
0.48940632 0.48424486 0.53045326
0.48941921 0.49143815 0.53760625
0.48944274 0.49242933 0.53812887
0.48993024 0.48609756 0.53330114
0.48993587 0.48706865 0.53427018
0.48994111 0.48846608 0.53564922
0.49040651 0.48520225 0.53238760
0.49085996 0.48280983 0.52898981
0.49079554 0.48380153 0.53046608
0.49082640 0.48750254 0.53517318
0.49081012 0.49295768 0.53859066
0.49131104 0.49247585 0.53858281
0.49186872 0.48376738 0.53092520
0.49174046 0.48518346 0.53280755
0.49183600 0.49811029 0.54002930
0.49212705 0.48754535 0.53561462
0.49216077 0.48802627 0.53608304
0.49228630 0.49097432 0.53809814
0.49295068 0.48328913 0.53045771
0.49271787 0.48901081 0.53705560
0.49326383 0.49050150 0.53809639
0.49366842 0.48856292 0.53704801
0.49631572 0.48620075 0.53472139
0.49704704 0.51184941 0.54204206
0.49932803 0.50932331 0.54197493
0.51385879 0.49420768 0.46367969
0.51439215 0.49476803 0.46366937
0.51490677 0.49103483 0.46318773
0.51490589 0.49151455 0.46319222
0.51490368 0.49200635 0.46320150
0.51537627 0.49103656 0.46320173
0.51542874 0.49254085 0.46318424
0.51591117 0.49256012 0.46318643
0.51598096 0.49639717 0.46371569
0.51644847 0.49257220 0.46320374
0.51655908 0.49694157 0.46377038
0.51726572 0.47410042 0.47580352
0.51689899 0.49158812 0.46322171
0.51696598 0.49261260 0.46322119
0.51709492 0.49839925 0.46427171
0.51735521 0.48769056 0.46464948
0.51733854 0.48869730 0.46414570
0.51743779 0.49161803 0.46324447
0.51749131 0.49264095 0.46323936
0.51764030 0.49693040 0.46379984
0.51789652 0.48768597 0.46467191
0.51789476 0.49019570 0.46369450
0.51814290 0.49839727 0.46430898
0.51858301 0.51139834 0.47138421
0.51851598 0.48620016 0.46567822
0.51845065 0.49072936 0.46369626
0.51863551 0.49640954 0.46379844
0.51925492 0.47457767 0.47541081
0.51915703 0.47606504 0.47345452
0.51966927 0.48328050 0.46811598
0.51961797 0.48723405 0.46525023
0.51957780 0.48819082 0.46476514
0.51958923 0.49274870 0.46375898
0.52018809 0.47552539 0.47451087
0.52016074 0.47606969 0.47399427
0.52018301 0.48674414 0.46578630
0.52012347 0.48868773 0.46479583
0.52070098 0.48380973 0.46817406
0.52073594 0.48723581 0.46581702
0.52067770 0.48970837 0.46482747
0.52069925 0.49785918 0.46488122
0.52126969 0.48921540 0.46539040
0.52187161 0.49075465 0.46542490
0.52178848 0.49231331 0.46493464
0.52181139 0.49440498 0.46493125
0.52222907 0.48389919 0.46914909
0.52275882 0.48442692 0.46916637
0.52281296 0.49682640 0.46592451
0.52676361 0.49624668 0.46888034
0.52673604 0.49670443 0.46885918
0.52641676 0.50554912 0.47152454
0.52784564 0.49223867 0.46988438
0.52840544 0.48854163 0.47177188
0.52885117 0.48853369 0.47222288
0.52968066 0.48439782 0.47613763
0.53043818 0.50103047 0.47445951
0.53090970 0.50056012 0.47546286
0.53239434 0.49756449 0.47735251
0.53242803 0.51593161 0.49348249
0.53433613 0.51231400 0.49592448
0.46310368 0.50273083 0.50901953
0.46311481 0.50266100 0.51081973
0.46305830 0.50362695 0.50816331
0.46311286 0.50447350 0.50810527
0.46314678 0.50445563 0.51080830
0.46317181 0.50530104 0.50894984
0.46316566 0.50533564 0.50990999
0.46407578 0.50078509 0.50905449
0.46414352 0.50068880 0.51091641
0.46411947 0.50644365 0.51179935
0.46414551 0.50742861 0.51087546
0.46502637 0.50457894 0.51467783
0.46509229 0.50651383 0.50056159
0.46531416 0.51345964 0.49636325
0.46533379 0.51517975 0.49638548
0.46593704 0.49974577 0.51466855
0.46600446 0.50162285 0.51667373
0.46602542 0.50356146 0.51672842
0.46627266 0.51261191 0.49448431
0.46722809 0.51264554 0.49254447
0.46726807 0.51348923 0.49253467
0.46734245 0.51522510 0.49252900
0.46810872 0.51183158 0.49169049
0.46817562 0.51358118 0.49159883
0.46783805 0.52069160 0.50708132
0.46901048 0.51181738 0.49080566
0.46905742 0.51281208 0.49079984
0.46927217 0.51621803 0.49155384
0.46895654 0.52265729 0.50223242
0.46893418 0.52265576 0.50317451
0.47005371 0.51539658 0.49068896
0.47023431 0.51718698 0.49152868
0.47016872 0.51896156 0.49337116
0.47089160 0.51466104 0.48990791
0.47105856 0.51985283 0.49427402
0.47102588 0.52169593 0.49702148
0.47195306 0.52370602 0.50003984
0.47268714 0.52548174 0.50505680
0.47528148 0.52723887 0.51900638
0.47666416 0.52647630 0.50287884
0.47619378 0.52817653 0.51997038
0.47760101 0.50512139 0.53588522
0.47730635 0.51384896 0.53471126
0.47707057 0.52908646 0.51996458
0.47861071 0.50599860 0.53687087
0.47825729 0.51665072 0.53565755
0.47797161 0.52997282 0.51721120
0.47798747 0.52994821 0.51908828
0.47946488 0.51277139 0.53869684
0.47930029 0.51655771 0.53766266
0.47917464 0.51854622 0.53565098
0.47894984 0.53001549 0.52085742
0.47988877 0.53090794 0.52002074
0.48139951 0.51069876 0.53971641
0.48116986 0.51746143 0.53861589
0.48106185 0.52133141 0.53658587
0.48101566 0.52230882 0.53556875
0.48211829 0.52128239 0.53758242
0.48307891 0.52034880 0.53861536
0.48301934 0.52223340 0.53762526
0.48273034 0.52787269 0.53170651
0.48398141 0.52315020 0.53768376
0.48370352 0.52884847 0.53177178
0.48516605 0.51056380 0.54068522
0.48498910 0.51943952 0.53961803
0.48502181 0.52411947 0.53773590
0.48486787 0.53307731 0.52180521
0.48492321 0.53399688 0.51431585
0.48488685 0.53399993 0.51696234
0.48606797 0.50862767 0.54065846
0.48598753 0.52135072 0.53961901
0.48606875 0.52319785 0.53873981
0.48586868 0.53001755 0.53284857
0.48588057 0.53405345 0.51336712
0.48710322 0.52232188 0.53967741
0.48698691 0.52804355 0.53583369
0.48695433 0.53110960 0.53187171
0.48695527 0.53227214 0.52873161
0.48814928 0.52230244 0.53974160
0.48812464 0.52608125 0.53787035
0.48807526 0.53224001 0.53080065
0.48792926 0.53416270 0.52380833
0.48887640 0.51755511 0.54067972
0.48914824 0.52230329 0.53978822
0.48911243 0.52511299 0.53882533
0.48905410 0.53220605 0.53179792
0.49107279 0.52506660 0.53889766
0.49296576 0.51552949 0.54178900
0.49393929 0.48978766 0.53783477
0.50118919 0.53971462 0.51625837
0.50308760 0.53974990 0.51632184
0.50397842 0.53382764 0.50335016
0.50416035 0.53473311 0.50516243
0.50407155 0.53974378 0.51634336
0.50760540 0.52047721 0.54075723
0.50851712 0.52046969 0.54077998
0.50950850 0.51071471 0.54258978
0.50991283 0.48018981 0.52924583
0.51038691 0.50977090 0.54261546
0.51042386 0.51076686 0.54259974
0.51136514 0.51965970 0.54082194
0.51133727 0.52135879 0.53989759
0.51219033 0.50979222 0.54263275
0.51220189 0.51081673 0.54262448
0.51305436 0.52696325 0.53608704
0.51394030 0.51875033 0.54075654
0.51400195 0.52051335 0.53989505
0.51503379 0.52311976 0.53800130
0.51497692 0.53126488 0.49637562
0.51564199 0.49772666 0.54076341
0.51583870 0.51877982 0.53979876
0.51594235 0.52401449 0.53707673
0.51682539 0.52499118 0.53609342
0.51765475 0.49869456 0.54069736
0.51877617 0.51383688 0.53974482
0.51962845 0.51107718 0.53979782
0.51956130 0.51669212 0.53889541
0.51961657 0.52226107 0.53611283
0.52047467 0.50527399 0.53990352
0.52045293 0.50710186 0.53988203
0.52257809 0.53367103 0.51306198
0.52344714 0.51284821 0.53782604
0.52460677 0.49753649 0.46724954
0.52444382 0.50167715 0.46819489
0.52513792 0.52231074 0.53222275
0.52537770 0.53184762 0.51507881
0.52540094 0.53179255 0.51602526
0.52632057 0.50162510 0.46909896
0.52626318 0.50352051 0.46993385
0.52713320 0.50528939 0.47174160
0.52727409 0.52472816 0.49837051
0.52731380 0.52916676 0.51049004
0.52731302 0.52999076 0.51517920
0.52732178 0.53001657 0.51613594
0.52826927 0.50146413 0.47096637
0.52815426 0.50335911 0.47175160
0.52817952 0.52722666 0.50665355
0.52830723 0.52818291 0.51051130
0.52950065 0.48875583 0.47285905
0.52929863 0.50033301 0.47189570
0.52913656 0.50327165 0.47274111
0.53035755 0.48462985 0.47683337
0.53035947 0.49337910 0.47193398
0.53019460 0.49934463 0.47276615
0.53134076 0.48966846 0.47472640
0.53217552 0.49328245 0.47468118
0.53220648 0.49426393 0.47471413
0.46585280 0.51477295 0.49498532
0.46586029 0.51661660 0.49495798
0.46585456 0.51844404 0.49682386
0.46785215 0.51666195 0.49300319
0.46769860 0.52029391 0.49669525
0.50168441 0.54104518 0.51967594
0.50175762 0.54107044 0.52349548
0.50347080 0.54108346 0.51971715
0.50356563 0.54107669 0.52166452
0.50585687 0.53910563 0.52757295
0.50769915 0.53907292 0.52763141
0.50950345 0.53909788 0.52762874
0.51158125 0.53904896 0.51561696
0.51340140 0.53316693 0.53169118
0.51333711 0.53717500 0.52763802
0.51521191 0.53508184 0.52973688
0.51537891 0.53911722 0.51969411
0.51738262 0.53700618 0.51553984
0.51720186 0.53714063 0.52360436
0.51928177 0.53299785 0.52973428
0.52120710 0.53499674 0.51545811
0.52121488 0.53508600 0.51954183
0.52127318 0.53502360 0.52358750
0.52288971 0.52925837 0.52986335
0.52304635 0.53318151 0.52565752
0.52470775 0.52001413 0.53369889
0.52485765 0.52932575 0.52772148
0.52494951 0.53131266 0.52563405
0.52685684 0.48745410 0.53700059
0.52897585 0.46341566 0.49783626
0.52874521 0.48936947 0.53691966
0.53052018 0.48383483 0.53530514
0.53044046 0.52190146 0.52757471
0.53067018 0.52387454 0.52358564
0.53057673 0.52394131 0.52548060
0.53276380 0.46145124 0.50337689
0.53209391 0.47828626 0.52961761
0.53247025 0.48582044 0.53525469
0.53435085 0.49128555 0.53533262
0.53447109 0.50674928 0.53339733
0.53588418 0.47840778 0.52960033
0.53595143 0.48047669 0.53177360
0.53800980 0.48423392 0.52969189
0.54042067 0.47090534 0.50319928
0.54054339 0.47268776 0.50148496
0.53970068 0.50488444 0.52972393
0.53978480 0.50681546 0.52778236
0.53976139 0.50688509 0.52973369
0.54416266 0.47275446 0.50666182
0.54407148 0.47455163 0.50661771
0.47420153 0.48795231 0.50062285
0.47444753 0.48756950 0.50113079
0.47444782 0.48756113 0.50125003
0.47466781 0.48735352 0.50102057
0.47469229 0.48756934 0.49939561
0.47543203 0.48642194 0.50307604
0.47527445 0.49124648 0.48876628
0.47538646 0.49102438 0.48877331
0.47539297 0.49114284 0.48864919
0.47550332 0.49091257 0.48865251
0.47602432 0.48597660 0.50100902
0.47621152 0.48759740 0.51625492
0.47671068 0.49238330 0.48549762
0.47671563 0.49247471 0.48548031
0.47861908 0.48730358 0.52236279
0.47891488 0.48419495 0.51498522
0.47923226 0.48386719 0.51475967
0.47935299 0.48387292 0.51499528
0.47899616 0.49089209 0.48356842
0.47989167 0.48623356 0.52228926
0.47988151 0.48661930 0.48506341
0.48031348 0.48606191 0.48485846
0.48034678 0.48653757 0.48447184
0.48044007 0.48654915 0.48436436
0.48068405 0.49053421 0.48230902
0.48078242 0.48386045 0.48660990
0.48091914 0.48372728 0.48647383
0.48103447 0.48359154 0.48659258
0.48110918 0.48405316 0.48572500
0.48128975 0.49067223 0.48179066
0.48146582 0.48402806 0.48529902
0.48164691 0.48483109 0.48424147
0.48267021 0.48447969 0.48343320
0.48279951 0.48422298 0.48357396
0.48292350 0.48409603 0.48358805
0.48288590 0.48447624 0.48322057
0.48301367 0.48422669 0.48334928
0.48340378 0.48207695 0.48659033
0.48404925 0.47870342 0.50267900
0.48405133 0.47870573 0.50279456
0.48412708 0.48324316 0.48329613
0.48427204 0.48208695 0.48494141
0.48463053 0.48389349 0.48218698
0.48511403 0.48562611 0.48061611
0.48515117 0.48665488 0.48015742
0.48525628 0.48536403 0.48061618
0.48552959 0.48616035 0.48003421
0.48567728 0.48589528 0.48004102
0.48575661 0.48711829 0.47952126
0.48661458 0.48089652 0.48510755
0.48671803 0.48068174 0.48545055
0.48672432 0.48091169 0.48497148
0.48803509 0.47653001 0.50621882
0.48861510 0.47616536 0.50568044
0.48862061 0.47617178 0.50596670
0.49803190 0.47175599 0.51238743
0.49875570 0.47146562 0.51091960
0.49852155 0.48490911 0.47075423
0.49860876 0.48541582 0.47041494
0.49871758 0.48552396 0.47030020
0.49868919 0.48592826 0.47017904
0.49867201 0.48632562 0.47006462
0.49865166 0.48710990 0.47003477
0.49894118 0.48539349 0.47019912
0.49893109 0.48578464 0.47006953
0.49904603 0.48605472 0.46993818
0.49904769 0.48671055 0.46980140
0.49904076 0.48684561 0.46979954
0.49903369 0.48737998 0.46978714
0.49966484 0.48578242 0.46969401
0.49979238 0.48606475 0.46956442
0.50004476 0.48549896 0.46958626
0.50017314 0.48578955 0.46946032
0.50116354 0.48248525 0.47011117
0.50128571 0.48259189 0.46989964
0.50139010 0.48316296 0.46954105
0.50196055 0.48146126 0.47100671
0.50243304 0.48156888 0.47063499
0.50328216 0.48167132 0.47016644
0.50364183 0.48163415 0.47007741
0.50362217 0.48277135 0.46914063
0.50362507 0.48302611 0.46901794
0.50384401 0.48187585 0.46974150
0.50400420 0.48159746 0.46999561
0.50467783 0.47770863 0.47454762
0.50491605 0.47758096 0.47455495
0.50477295 0.48231387 0.46928447
0.50571787 0.46934772 0.49368301
0.50563242 0.47695459 0.47494824
0.50575254 0.47706738 0.47471390
0.50597077 0.47662168 0.47528714
0.50597480 0.47705677 0.47461377
0.50606901 0.47717620 0.47439027
0.50598346 0.48388486 0.46801406
0.50597620 0.48426299 0.46787718
0.50664818 0.46922220 0.49140352
0.50671514 0.46913604 0.49167988
0.50654261 0.47732438 0.47401833
0.50683210 0.46912917 0.49147448
0.50677077 0.47706504 0.47428411
0.50687943 0.47720013 0.47403958
0.50711143 0.47338695 0.48125381
0.50713545 0.47783206 0.47327884
0.50675446 0.50283564 0.46813525
0.50698903 0.50688223 0.46904977
0.50733245 0.47338734 0.48115908
0.50804850 0.47843763 0.47255072
0.50831393 0.48336436 0.46806598
0.50884372 0.48360081 0.46783258
0.51263936 0.48272760 0.46811182
