0.46978568 0.50049818 0.49702048
0.46997842 0.49810150 0.51828929
0.47054548 0.49643001 0.51720081
0.47046943 0.50029212 0.49612546
0.47202546 0.50585583 0.49324596
0.47250986 0.50635921 0.49303148
0.47539248 0.49830140 0.52779987
0.47587246 0.49851572 0.52875358
0.47795967 0.49619613 0.53022334
0.47819512 0.49519505 0.52973734
0.47841696 0.49474476 0.52971055
0.47880332 0.49456051 0.53011247
0.47911113 0.49331221 0.52919362
0.47909603 0.49356214 0.52961624
0.47907757 0.49406299 0.53009479
0.47931650 0.49407132 0.53034766
0.47957432 0.49306615 0.52962308
0.47982018 0.49305417 0.52986488
0.48007699 0.49281169 0.52987458
0.48033516 0.49256696 0.52988079
0.48033763 0.49305954 0.53036608
0.48058151 0.49255765 0.53011940
0.48676364 0.48755511 0.53065007
0.48700306 0.48754385 0.53086748
0.48698844 0.48777725 0.53109342
0.48837240 0.48751781 0.53187025
0.48935173 0.48656986 0.53142487
0.49098490 0.48401048 0.52935234
0.49123457 0.48400524 0.52958083
0.49179609 0.48374824 0.52956963
0.49442627 0.48325462 0.52926680
0.50386875 0.47808424 0.52161110
0.50717393 0.48023600 0.52386758
0.50745765 0.48048480 0.52410423
0.50865563 0.47193438 0.50773428
0.50889261 0.47343164 0.51249479
0.50954762 0.47344121 0.51252962
0.51164193 0.51325892 0.47409854
0.51161146 0.51365462 0.47449258
0.51204232 0.51452507 0.47532930
0.51210010 0.51523197 0.47602897
0.51206227 0.51617760 0.47697715
0.51208757 0.51728210 0.47809346
0.51211429 0.51750482 0.47831693
0.51211911 0.51813656 0.47914466
0.51234704 0.51264821 0.47345853
0.51233363 0.51687591 0.47767318
0.51253109 0.51078151 0.47236865
0.51252725 0.51175921 0.47286602
0.51256715 0.51245212 0.47327220
0.51260758 0.51663812 0.47745550
0.51259495 0.51706797 0.47790127
0.51276517 0.51032806 0.47212396
0.51281139 0.51126520 0.47260394
0.51281370 0.51175742 0.47286159
0.51280143 0.51245602 0.47327513
0.51287012 0.51615234 0.47699391
0.51306243 0.51244896 0.47327096
0.51303740 0.51264375 0.47346022
0.51306172 0.51323151 0.47408141
0.51399701 0.51910951 0.48148906
0.51404076 0.52627770 0.49419639
0.51421465 0.51911224 0.48171331
0.51429505 0.52677552 0.49516956
0.51518076 0.49513304 0.46582796
0.51574222 0.47465192 0.50878271
0.51600586 0.47490544 0.50826624
0.51561510 0.49325592 0.46560085
0.51563301 0.49461110 0.46561579
0.51621292 0.52557044 0.49370609
0.51644007 0.52555397 0.49393298
0.51656351 0.49797757 0.46641139
0.51679909 0.49799287 0.46641768
0.51737048 0.52486774 0.49393265
0.51782126 0.48442171 0.46930977
0.51807865 0.48489492 0.46907477
0.51834414 0.48466520 0.46934222
0.51856702 0.48395690 0.47001908
0.51883796 0.48445280 0.46979821
0.51901973 0.48351979 0.47070954
0.51903112 0.48375817 0.47046807
0.51953278 0.48423509 0.47048577
0.51973958 0.49776693 0.46829089
0.51983190 0.48376035 0.47124531
0.52099242 0.49601478 0.46835430
0.52566068 0.51970309 0.49609206
0.52585583 0.51948857 0.49608877
0.52726214 0.51709492 0.49542347
0.52722868 0.51830785 0.49659391
0.52751019 0.51757793 0.49635391
0.52746361 0.51854876 0.49726296
0.52773789 0.51779964 0.49702275
0.52795348 0.51802663 0.49771497
0.53043701 0.51447461 0.50035293
0.46575622 0.49962438 0.50933206
0.46576706 0.50004346 0.50846715
0.46575843 0.50009740 0.51108864
0.46577965 0.50054092 0.50798825
0.46582539 0.50094069 0.51340944
0.46627308 0.49955840 0.50703636
0.46671514 0.49769316 0.50834040
0.46670895 0.49815589 0.51025381
0.46667230 0.49906855 0.50610996
0.46676657 0.50054502 0.51533610
0.46679466 0.50186683 0.51586934
0.46724674 0.50098997 0.51634746
0.46727533 0.50235361 0.51684577
0.46774535 0.50144795 0.51735661
0.46938555 0.50850313 0.49866253
0.47031009 0.50615781 0.49495426
0.47076120 0.50515003 0.49454518
0.47079964 0.50618952 0.49451689
0.47487288 0.50121455 0.52871670
0.47594056 0.50011872 0.52978034
0.47571969 0.50643535 0.53101478
0.47629821 0.50400179 0.53203411
0.47702777 0.49763392 0.52985166
0.47680801 0.50345365 0.53252451
0.47738223 0.50497057 0.53402741
0.47736348 0.50592663 0.53403867
0.47788278 0.50051312 0.53264792
0.47792995 0.50339323 0.53405973
0.47840133 0.50046745 0.53315293
0.47843926 0.50538145 0.53553434
0.47828177 0.50873698 0.53497523
0.47824411 0.51216960 0.53401787
0.47901012 0.49755560 0.53226644
0.47946605 0.50042663 0.53418584
0.47936615 0.50922448 0.53597575
0.48000632 0.50048180 0.53473011
0.48007653 0.50334046 0.53614694
0.48057871 0.50236989 0.53618587
0.48042943 0.50768060 0.53702412
0.48040016 0.50819720 0.53702383
0.48036888 0.50870915 0.53700576
0.48036878 0.50920397 0.53698929
0.48093288 0.49757607 0.53416058
0.48099111 0.50055521 0.53568177
0.48100964 0.50519779 0.53708164
0.48148857 0.49754193 0.53466325
0.48149596 0.49853714 0.53513428
0.48149756 0.50103333 0.53617233
0.48195273 0.49709251 0.53469157
0.48202594 0.49905007 0.53567272
0.48250023 0.50332057 0.53762842
0.48286042 0.49612848 0.53469274
0.48300397 0.49909707 0.53619056
0.48336751 0.50376351 0.53805322
0.48395469 0.49912630 0.53668105
0.48414352 0.50742786 0.53891576
0.48411068 0.50792425 0.53890124
0.48851641 0.48859245 0.53323031
0.48952337 0.48716006 0.53227256
0.48949365 0.48808568 0.53320452
0.49128532 0.49989434 0.53897012
0.49116865 0.51572604 0.53988076
0.49191393 0.48386022 0.52994495
0.49184753 0.49200098 0.53752230
0.49241566 0.48430964 0.53081777
0.49234355 0.48478577 0.53130111
0.49272790 0.49199769 0.53752549
0.49259717 0.51335384 0.54037376
0.49276074 0.51629352 0.53992038
0.49323027 0.48954248 0.53600710
0.49325313 0.49003174 0.53648971
0.49359456 0.48816579 0.53465547
0.49411576 0.48959964 0.53604645
0.49450127 0.48913132 0.53561318
0.49453486 0.51126061 0.54038776
0.49503727 0.51181514 0.54041104
0.49581309 0.48511781 0.53168034
0.49589863 0.48766982 0.53417839
0.49637773 0.49878743 0.53903037
0.49668454 0.48512946 0.53167074
0.49705313 0.51131380 0.54043981
0.49707962 0.51188252 0.54044740
0.49708913 0.51242422 0.54045365
0.49706771 0.51429193 0.54045674
0.49718717 0.48562972 0.53215407
0.49749492 0.51078229 0.54042744
0.49790885 0.51028568 0.54040511
0.49805166 0.51481628 0.54043656
0.49810911 0.48669085 0.53320339
0.49850710 0.51482373 0.54042715
0.49884762 0.50981520 0.54038945
0.49980680 0.50985348 0.54041292
0.49999189 0.51689115 0.53992217
0.50050605 0.51687503 0.53991618
0.50089206 0.51442406 0.54041797
0.50102503 0.51687878 0.53989518
0.50130094 0.50997422 0.54043057
0.50197337 0.51444720 0.54037855
0.50445889 0.51098509 0.54034997
0.50515941 0.53277090 0.50285560
0.51275941 0.47323600 0.51188971
0.51281523 0.47368835 0.51279629
0.51428809 0.47328480 0.50943708
0.51428184 0.47330423 0.50994284
0.51432591 0.47379694 0.51139958
0.51482614 0.47376611 0.50893701
0.51478379 0.47382012 0.51043581
0.51531527 0.47427467 0.50993454
0.51704349 0.49314603 0.46531878
0.51753874 0.49317630 0.46533545
0.51854616 0.49028444 0.46582633
0.51866367 0.49485781 0.46591146
0.51871813 0.49590755 0.46639215
0.51910544 0.48980062 0.46633226
0.51903424 0.49075199 0.46587461
0.51905518 0.49175563 0.46586325
0.51916982 0.49325843 0.46589258
0.51921302 0.49543021 0.46644486
0.51960055 0.49025798 0.46637861
0.51976895 0.49432819 0.46645221
0.51975615 0.49590924 0.46693848
0.52018776 0.49130700 0.46645059
0.52020911 0.49183304 0.46645166
0.52025837 0.49332998 0.46647393
0.52027220 0.49484961 0.46695518
0.52079281 0.49333519 0.46697689
0.52080404 0.49486247 0.46747946
0.52130566 0.49133942 0.46747878
0.52131576 0.49180371 0.46748747
0.52130843 0.49230986 0.46748177
0.52176660 0.48973792 0.52490537
0.52778968 0.49581826 0.52158333
0.52988301 0.51731995 0.50171712
0.53032035 0.51483258 0.50026038
0.53034681 0.51682969 0.50268350
0.53039889 0.51954307 0.50664928
0.53080586 0.51535430 0.50265120
0.53133581 0.51384606 0.50314128
0.46510277 0.50172513 0.50998438
0.46511589 0.50169349 0.51087578
0.46513258 0.50167376 0.51172536
0.46514616 0.50260374 0.51260651
0.46512035 0.50353685 0.51259134
0.46509443 0.50454681 0.50906702
0.46509548 0.50542419 0.50817119
0.46513613 0.50541341 0.51168496
0.46514515 0.50641123 0.50811618
0.46515739 0.50637129 0.51078545
0.46612695 0.50158698 0.51461992
0.46609902 0.50352471 0.51464066
0.46608913 0.50934258 0.50900208
0.46995713 0.51785055 0.50309443
0.47192959 0.52069580 0.50210264
0.47185798 0.52162454 0.50310205
0.47181784 0.52160697 0.50415977
0.47283763 0.52158200 0.50208753
0.47279320 0.52255345 0.50308678
0.47278659 0.52257562 0.50409655
0.47384450 0.52251029 0.50204951
0.47378018 0.52356650 0.50410046
0.47475755 0.52353893 0.50308174
0.47564124 0.52446029 0.50398102
0.47545752 0.52433275 0.51069290
0.47868597 0.50605143 0.53575527
0.47851715 0.51089056 0.53477357
0.48029167 0.51658330 0.53470609
0.48215684 0.51943203 0.53563184
0.48301761 0.52218613 0.53557949
0.48391735 0.52504427 0.53357819
0.48500335 0.51841071 0.53756462
0.48484723 0.52688184 0.53267207
0.48475492 0.52777344 0.53079118
0.48600296 0.52036042 0.53758369
0.48602337 0.52502897 0.53567510
0.48583288 0.52881654 0.53082536
0.48578730 0.53002572 0.52667855
0.48583073 0.53092542 0.51986058
0.48587262 0.53099893 0.52365820
0.48703704 0.52595765 0.53571247
0.48691234 0.52790199 0.53374554
0.48695488 0.52886735 0.53279209
0.48695749 0.52997913 0.52975329
0.48792184 0.53207008 0.51990732
0.48791774 0.53205566 0.52272712
0.48912708 0.52411270 0.53775273
0.49004990 0.52501647 0.53778965
0.49091901 0.52795462 0.53488854
0.49182458 0.53109928 0.53082581
0.49346068 0.53482868 0.51711660
0.49342018 0.53483525 0.51805010
0.49743177 0.53677812 0.52012865
0.49746133 0.53676784 0.52108613
0.49752380 0.53677386 0.52202243
0.50050443 0.53390579 0.52899443
0.50037035 0.53769229 0.51724004
0.50042702 0.53769375 0.51825052
0.50136390 0.53771396 0.52116507
0.50137148 0.53771087 0.52206237
0.50137031 0.53768623 0.52294434
0.50213799 0.53770293 0.51639274
0.50232744 0.53769434 0.52393929
0.50329342 0.53763786 0.52400934
0.50471370 0.51285986 0.54053307
0.50607633 0.53770579 0.51638994
0.50611904 0.53757699 0.52328040
0.50825902 0.53567790 0.52810381
0.50821214 0.53763669 0.51627018
0.50908330 0.53750309 0.52235400
0.51009268 0.53758490 0.51623490
0.51004580 0.53745482 0.52231882
0.51189336 0.53358789 0.53014007
0.51401400 0.51285889 0.53966107
0.51411771 0.52134329 0.53788158
0.51405387 0.53751654 0.51831650
0.51592669 0.51477412 0.53961279
0.51592900 0.51573835 0.53962054
0.51589779 0.52399596 0.53603734
0.51577428 0.53154574 0.53017087
0.51684391 0.52057467 0.53779857
0.51770189 0.52405635 0.53503451
0.51773861 0.52774746 0.53210937
0.51786377 0.53543415 0.51501644
0.51870885 0.51575104 0.53875094
0.51953506 0.49379912 0.53658262
0.51956123 0.51388451 0.53876771
0.51954609 0.51478776 0.53879619
0.52053649 0.49384056 0.53557503
0.52032327 0.51569017 0.53792126
0.52062337 0.53269508 0.51120404
0.52073792 0.53358955 0.51305723
0.52152930 0.49483317 0.53564554
0.52143424 0.50909281 0.53773151
0.52148896 0.51009352 0.53774378
0.52153063 0.53189001 0.51035267
0.52157354 0.53272627 0.51208730
0.52163301 0.53355065 0.51404049
0.52156927 0.53355251 0.51794333
0.52234268 0.51663255 0.53592295
0.52337539 0.50724023 0.53667682
0.52341120 0.51191484 0.53674365
0.52338753 0.53184515 0.51220719
0.52441354 0.53176813 0.51504902
0.52444808 0.53169854 0.51599310
0.52523717 0.50722425 0.53575941
0.52521582 0.50815843 0.53575088
0.52524772 0.51191943 0.53490462
0.52530931 0.51458070 0.53396133
0.52525046 0.51739131 0.53302533
0.52520937 0.51940215 0.53207148
0.52519349 0.52318783 0.53017223
0.52525280 0.52909482 0.50953975
0.52524779 0.53007301 0.51139245
0.52538499 0.52981774 0.52203626
0.52531462 0.53088815 0.51514603
0.52531842 0.53085697 0.51605954
0.52618584 0.51185270 0.53398711
0.52627282 0.51735215 0.53201589
0.52622031 0.52812220 0.50955840
0.52624268 0.52907415 0.51142116
0.52817259 0.52433799 0.50678184
0.52909967 0.49870319 0.52434284
0.52896790 0.52033281 0.52810677
0.52922419 0.52243499 0.50683424
0.52902741 0.52241966 0.52597630
0.52919141 0.52418499 0.52218630
0.53098861 0.51831227 0.52613848
0.53100130 0.51945970 0.52404997
0.53199521 0.50341924 0.51847607
0.53195078 0.50341449 0.51956214
0.53186686 0.51176465 0.52532598
0.53185365 0.51366589 0.52532803
0.53198428 0.51660277 0.52227946
0.53195472 0.51645742 0.52425771
0.53294066 0.50638936 0.51946982
0.53294004 0.50820625 0.51839945
0.53285811 0.50901442 0.52242933
0.53295212 0.50995482 0.51845293
0.53295898 0.51084775 0.51936250
0.53283682 0.51082337 0.52335911
0.53284004 0.51173932 0.52338623
0.53293919 0.51287865 0.52032946
0.53285081 0.51271152 0.52339941
0.53292754 0.51381048 0.52127292
0.53290234 0.51380023 0.52231377
0.51145358 0.53699788 0.52375879
0.51331162 0.53506501 0.52762223
0.51531543 0.53704596 0.51963574
0.51528262 0.53703971 0.52161217
0.51925716 0.53492799 0.51754232
0.51922868 0.53495016 0.51952630
0.51916725 0.53496585 0.52358366
0.52097461 0.53106589 0.52760293
0.52115674 0.53298535 0.52562786
0.52284499 0.52921566 0.52766611
0.52484469 0.52931055 0.52564632
0.53044297 0.51987100 0.52555947
0.47084303 0.49891934 0.49601292
0.47120065 0.49768545 0.49674906
0.47270111 0.49181735 0.50997396
0.47407526 0.49315700 0.51840726
0.47418626 0.49284007 0.51803115
0.47495716 0.48980052 0.49943939
0.47779827 0.48646452 0.50295534
0.47793620 0.48632464 0.50295169
0.47791260 0.48631465 0.50354183
0.47802718 0.48620645 0.50342314
0.47814766 0.48630407 0.49977741
0.47813174 0.48646934 0.49925316
0.47828372 0.48614665 0.50025124
0.47892497 0.48630426 0.51323040
0.47945026 0.48638092 0.51575879
0.47955306 0.48618672 0.51542611
0.47958376 0.48657074 0.51660758
0.47965342 0.48618669 0.51576911
0.47969622 0.48656367 0.51682373
0.47976774 0.48607256 0.51564883
0.48055856 0.48487467 0.51231077
0.48081748 0.48983158 0.52637135
0.48055531 0.48859847 0.48610348
0.48054652 0.48885407 0.48585654
0.48091956 0.48973096 0.52636758
0.48078949 0.48475065 0.51243171
0.48068548 0.48834326 0.48610251
0.48089440 0.48464831 0.51223330
0.48077314 0.48791846 0.48643418
0.48080358 0.48846279 0.48574538
0.48078753 0.48860088 0.48562018
0.48077718 0.48897689 0.48537803
0.48074424 0.48965579 0.48504554
0.48117806 0.48378304 0.49742594
0.48091117 0.48767145 0.48655055
0.48090065 0.48791253 0.48618620
0.48126729 0.48345088 0.49858789
0.48098932 0.48922949 0.48494346
0.48124733 0.48481214 0.51427093
0.48111410 0.48922803 0.48481563
0.48147152 0.48337920 0.49806224
0.48126003 0.48744053 0.48607249
0.48135622 0.48723968 0.48617988
0.48146855 0.48713717 0.48617236
0.48147656 0.49104932 0.48333594
0.48148031 0.49117699 0.48332637
0.48158730 0.49301868 0.48344486
0.48242741 0.48286725 0.49741836
0.48228496 0.49151611 0.48274479
0.48253841 0.48274525 0.49756022
0.48236549 0.49509160 0.48354339
0.48267044 0.48260189 0.49782246
0.48268620 0.48257956 0.49818441
0.48250856 0.49163402 0.48263571
0.48476943 0.48417243 0.52164857
0.48454561 0.48681354 0.48289401
0.48467031 0.48643337 0.48314017
0.48467331 0.48667894 0.48289242
0.48468424 0.48682318 0.48274583
0.48478577 0.48631715 0.48315563
0.48491937 0.48644492 0.48287321
0.48493027 0.48657236 0.48273447
0.48493978 0.48695980 0.48246953
0.48532311 0.48345192 0.52056950
0.48544668 0.48344961 0.52081120
0.48572796 0.48318613 0.52056423
0.48611074 0.48317077 0.52103447
0.48637949 0.48303089 0.52105212
0.48664847 0.48290452 0.52106794
0.48703324 0.48044456 0.49551299
0.48730176 0.48019661 0.49610609
0.48767786 0.47942308 0.50204463
0.48769782 0.47941875 0.50228076
0.48898382 0.47878021 0.50178701
0.48919674 0.47868643 0.50167135
0.48943949 0.47857432 0.50166813
0.48934076 0.47898213 0.49732559
0.49009622 0.48422174 0.48032848
0.49021253 0.48423086 0.48019665
0.49098343 0.47793936 0.50604290
0.49132852 0.47772210 0.50544717
0.49138415 0.47882008 0.49262178
0.49137367 0.48426087 0.47907080
0.49149404 0.48402279 0.47919414
0.49148893 0.48414157 0.47907894
0.49178350 0.47853639 0.49278652
0.49192510 0.47838783 0.49329902
0.49178408 0.48328695 0.47993551
0.49195944 0.48582992 0.47776237
0.49249945 0.47815758 0.49309460
0.49240378 0.48582477 0.47743167
0.49252806 0.48632682 0.47707760
0.49252474 0.48666068 0.47707813
0.49273288 0.47829961 0.49214827
0.49260241 0.48559635 0.47744857
0.49288844 0.47801813 0.49298408
0.49277565 0.47855651 0.49134525
0.49262565 0.48274505 0.47984691
0.49262868 0.48363490 0.47874603
0.49263724 0.48374277 0.47863981
0.49271084 0.48548730 0.47745221
0.49293317 0.47831549 0.49181995
0.49271777 0.48264665 0.47996367
0.49271406 0.48276641 0.47974154
0.49312591 0.47802913 0.49245176
0.49326927 0.47788698 0.49284645
0.49292038 0.48265765 0.47974528
0.49307965 0.48540160 0.47731045
0.49338714 0.47788470 0.49259922
0.49334232 0.47803258 0.49210368
0.49788216 0.47477819 0.50832826
0.49850820 0.47545547 0.51480892
0.50026393 0.47573480 0.51733962
0.50081579 0.47563861 0.51738206
0.50156670 0.47541611 0.51720814
0.50168617 0.47551888 0.51742861
0.50180423 0.47540537 0.51721592
0.50180752 0.47551790 0.51742816
0.50213148 0.47874759 0.47855804
0.50235430 0.47274915 0.50643105
0.50262910 0.47275283 0.50125436
0.50284157 0.47266416 0.50134268
0.50299466 0.47241104 0.50534199
0.50333743 0.47230182 0.50525212
0.50335150 0.47230553 0.50572122
0.50345622 0.47926494 0.47673014
0.50359997 0.47229827 0.50597116
0.50366120 0.47220088 0.50248548
0.50363975 0.47219453 0.50270140
0.50371784 0.47940150 0.47632500
0.50384642 0.47950400 0.47608757
0.50421683 0.47925400 0.47622093
0.50469352 0.47934714 0.47578460
0.50468652 0.47971484 0.47517858
0.50482487 0.47957520 0.47532119
0.50493112 0.47970238 0.47506322
0.50502038 0.47983193 0.47482230
0.50517249 0.47183796 0.50333066
0.50529411 0.51396589 0.47667061
0.50566953 0.52461702 0.49107969
0.50566051 0.51063141 0.47368112
0.50590387 0.48005241 0.47415166
0.50579495 0.51075934 0.47367135
0.50613385 0.48006429 0.47402995
0.50602451 0.51004196 0.47309274
0.50635807 0.47185088 0.50681579
0.50627646 0.50992236 0.47285713
0.50658480 0.47217865 0.50830254
0.50638164 0.50980804 0.47274434
0.50678936 0.47196706 0.50761911
0.50670462 0.48075472 0.47298024
0.50668669 0.48087288 0.47287907
0.50677816 0.48096908 0.47278040
0.50672786 0.50970732 0.47264473
0.50715973 0.50811410 0.47200495
0.50706370 0.48928929 0.46910684
0.50743229 0.51080902 0.47310879
0.50798158 0.47338854 0.48574147
0.50770592 0.51058063 0.47289046
0.50743197 0.48977673 0.46888079
0.50742103 0.49013229 0.46888281
0.50757604 0.48928275 0.46887786
0.50771348 0.48891592 0.46888395
0.50768652 0.48964007 0.46876813
0.50766699 0.49050798 0.46876852
0.50826820 0.47188356 0.50758848
0.50850648 0.47107008 0.50227712
0.50850273 0.47106810 0.50238766
0.50849202 0.47106484 0.50281195
0.50794606 0.49024189 0.46863441
0.50794375 0.49064242 0.46862936
0.50865075 0.47107861 0.50214544
0.50860039 0.47106221 0.50291315
0.50859424 0.47106751 0.50302305
0.50845778 0.51013141 0.47254600
0.50872227 0.47106462 0.50280133
0.50881260 0.47326966 0.48458695
0.50889160 0.47108324 0.50213942
0.50880697 0.47107334 0.50334587
0.50892275 0.47326305 0.48447920
0.50892406 0.47107080 0.50334486
0.50904840 0.47106937 0.50333867
0.50920544 0.47107292 0.50256299
0.50918265 0.47107432 0.50319935
0.50931963 0.47107865 0.50277399
0.50931683 0.47107428 0.50298402
0.50927507 0.47396823 0.48299512
0.50888857 0.48570352 0.46949779
0.50888298 0.48594111 0.46939079
0.50882412 0.49158369 0.46824535
0.50882217 0.49182946 0.46824792
0.50883109 0.49195924 0.46824674
0.50900941 0.48581527 0.46938789
0.50899430 0.49558200 0.46858340
0.50899632 0.49644180 0.46871618
0.50948558 0.51252793 0.47406139
0.50958997 0.47431344 0.48222451
0.50983516 0.47430557 0.48213333
0.51040615 0.47144329 0.49883210
0.51034626 0.51068070 0.47257884
0.51001787 0.49329173 0.46785374
0.51059661 0.47143887 0.49904574
0.51063779 0.47313496 0.48472311
0.51015228 0.49541549 0.46798047
0.51061504 0.51113411 0.47278721
0.51049915 0.48996012 0.46755078
0.51049951 0.49006533 0.46754447
0.51063776 0.49596618 0.46788363
0.51133564 0.47312907 0.48473411
0.51147132 0.47312637 0.48485127
0.51128535 0.48902373 0.46731208
0.51140931 0.48881383 0.46732018
0.51188506 0.47344935 0.48341413
0.51198555 0.47366504 0.48289320
0.51211247 0.47345192 0.48343148
0.51211663 0.47356335 0.48310036
0.51211650 0.47366077 0.48289912
0.51226048 0.47333906 0.48397493
0.51225462 0.47356403 0.48310534
0.51236803 0.47345299 0.48352637
0.51249326 0.47345332 0.48364486
0.51218545 0.48956120 0.46698317
0.51263825 0.47346279 0.48389551
0.51273141 0.47357858 0.48353643
0.51242666 0.48935397 0.46696842
0.51287611 0.47346025 0.48466868
0.51284518 0.47378698 0.48322500
0.51295638 0.47380101 0.48331885
0.51319740 0.47390352 0.48344788
0.51284704 0.48548519 0.46822301
0.51331501 0.47379199 0.48390498
0.51342477 0.47391719 0.48379720
0.51309896 0.48575550 0.46796546
0.51359678 0.47309053 0.49118639
0.51355306 0.47380107 0.48513099
0.51355960 0.47403506 0.48381663
0.51372581 0.47320947 0.49105400
0.51363913 0.47390296 0.48480827
0.51365518 0.47401299 0.48434443
0.51330400 0.48537835 0.46832370
0.51331009 0.48549587 0.46820745
0.51375889 0.47401048 0.48481709
0.51376195 0.47411875 0.48434098
0.51340876 0.48574704 0.46796270
0.51398665 0.47345257 0.49119242
0.51587230 0.51750218 0.48097454
0.51691266 0.51532728 0.47919056
0.51705690 0.47677070 0.48843314
0.51684580 0.48430199 0.46936009
0.51710768 0.51323893 0.47701576
0.51706667 0.48406898 0.46959004
0.51708506 0.48442331 0.46924674
0.51734199 0.51302790 0.47714167
0.51748411 0.48445739 0.46925029
0.51797611 0.47774320 0.48909805
0.51760898 0.48446689 0.46925404
0.51764056 0.48482783 0.46900885
0.51810436 0.47788444 0.48911781
0.51787578 0.48373975 0.46996426
0.51800459 0.48385189 0.46985882
0.51810169 0.48354665 0.47017344
0.51812386 0.48375973 0.46996087
0.51823294 0.48342402 0.47030723
0.51835579 0.48343880 0.47030550
0.51856820 0.48330221 0.47067445
0.51867881 0.48330488 0.47077523
0.51882380 0.48344235 0.47065609
0.51908493 0.48346081 0.47089531
0.51989772 0.48369564 0.47144089
0.52015065 0.48392920 0.47155664
0.52014730 0.48405423 0.47143070
0.52752308 0.49920436 0.47956097
0.52861934 0.49286605 0.48734339
0.52862604 0.49284544 0.48823678
0.52861966 0.49284095 0.48850322
0.52857415 0.49788802 0.48005023
0.52857686 0.49801810 0.48017214
0.52874183 0.49313216 0.48719473
0.52880368 0.49764714 0.48027458
0.52925648 0.49486019 0.48124017
0.52927598 0.49486318 0.48146012
0.52928333 0.49575104 0.48076628
0.52928213 0.49694303 0.48065459
0.52939987 0.49635189 0.48064837
0.52939867 0.49645518 0.48065384
0.52938831 0.49669294 0.48066960
0.53030065 0.49586852 0.49424160
0.53073548 0.49723298 0.49257907
0.53097988 0.49788535 0.49370111
0.53098177 0.49789102 0.49381924
0.53135400 0.49917604 0.49306654
0.53136029 0.49915140 0.49360199
0.53200273 0.50204880 0.49460524
0.53200335 0.50202939 0.49483151
0.53199837 0.50215967 0.49459473
0.53198483 0.50238395 0.49469801
