0.47819036 0.50127262 0.52975309
0.47900882 0.50024769 0.53072005
0.47925970 0.49973076 0.53074212
0.47916494 0.51111995 0.52984561
0.47958298 0.51313122 0.52937689
0.47957174 0.51334186 0.52914495
0.47982480 0.51312308 0.52983265
0.48054883 0.50014668 0.53294238
0.48017887 0.51197093 0.53111416
0.48013688 0.51267741 0.53060990
0.48005872 0.51398141 0.52962878
0.48080023 0.49940498 0.53293857
0.48079854 0.49989355 0.53316237
0.48126217 0.49900352 0.53320114
0.48150322 0.49920046 0.53363424
0.48103307 0.51564417 0.52964098
0.48100622 0.51610482 0.52914912
0.48099925 0.51637061 0.52863369
0.48095456 0.51731478 0.52665023
0.48093223 0.51760186 0.52514844
0.48169880 0.49900234 0.53362881
0.48195527 0.49971123 0.53409971
0.48142240 0.51828613 0.52612311
0.48242373 0.49922272 0.53412464
0.48344271 0.50001989 0.53491523
0.48345192 0.50050951 0.53516090
0.48410475 0.50138415 0.53560973
0.48498665 0.50433633 0.53632695
0.48765921 0.50761507 0.53686159
0.48933210 0.49520462 0.53460199
0.48984105 0.49496839 0.53461761
0.48979352 0.51110990 0.53706139
0.48980674 0.51136204 0.53706445
0.49041839 0.48644775 0.52993861
0.49034844 0.49523636 0.53487415
0.49005195 0.51186592 0.53706771
0.49059665 0.49525150 0.53487646
0.49083919 0.48553796 0.52903226
0.49086686 0.48644814 0.53038512
0.49107891 0.48578411 0.52971966
0.49129561 0.48509772 0.52880895
0.49130755 0.48533691 0.52927389
0.49156621 0.48509648 0.52904792
0.49157321 0.48554551 0.52973005
0.49150885 0.48600202 0.53037653
0.49181182 0.48532614 0.52950990
0.49204580 0.48553678 0.52992184
0.49200706 0.48598301 0.53059948
0.49232585 0.48510755 0.52926989
0.49227764 0.48597318 0.53058171
0.49251676 0.48554056 0.52991462
0.49268786 0.48639626 0.53103031
0.49311982 0.48614766 0.53077428
0.49326097 0.48683089 0.53145645
0.49389251 0.48656976 0.53121735
0.49416917 0.48709642 0.53173096
0.49438031 0.48709980 0.53172282
0.49444268 0.51452542 0.53739661
0.49429466 0.52908213 0.51273180
0.49483522 0.48709300 0.53169300
0.49546117 0.48731396 0.53172161
0.49988258 0.50971595 0.53758818
0.50003415 0.51255964 0.53786569
0.50004463 0.51278285 0.53786527
0.50028128 0.51278740 0.53786829
0.50047738 0.51214463 0.53787044
0.50090602 0.50951895 0.53760277
0.50100322 0.51191045 0.53784043
0.50105231 0.51308171 0.53782585
0.50117142 0.50953118 0.53760309
0.50150817 0.51192292 0.53783079
0.50177230 0.51265563 0.53782340
0.52240755 0.49963395 0.52374971
0.48021484 0.50349997 0.53405739
0.48018262 0.50491279 0.53449941
0.48062643 0.50441865 0.53494036
0.48053704 0.50715736 0.53395010
0.48109854 0.50481315 0.53537507
0.48102448 0.50566950 0.53535322
0.48101481 0.50665371 0.53486738
0.48077926 0.51252650 0.53149414
0.48165693 0.50244648 0.53505892
0.48143294 0.50864229 0.53440394
0.48214941 0.50381234 0.53597917
0.48168382 0.51522520 0.53101201
0.48157074 0.51713955 0.52899619
0.48233151 0.50910915 0.53486719
0.48216878 0.51524160 0.53147533
0.48270293 0.51094821 0.53436185
0.48258900 0.51427760 0.53240915
0.48253529 0.51760469 0.53003083
0.48356471 0.51133633 0.53481712
0.48489316 0.51574785 0.53333636
0.48480003 0.52434941 0.52494896
0.48585605 0.51476842 0.53476276
0.48608981 0.52560908 0.52545690
0.48663486 0.52514850 0.52847197
0.48758128 0.52654805 0.52649017
0.48810241 0.52711683 0.52596139
0.48815661 0.52767809 0.51833239
0.48817900 0.52820898 0.52021742
0.48819486 0.52818880 0.52064775
0.48871032 0.51570361 0.53574844
0.48869401 0.51721296 0.53522555
0.48864753 0.52715560 0.52703558
0.48867074 0.52869170 0.51974447
0.48868145 0.52869443 0.52020856
0.48905020 0.52772982 0.51657311
0.48912721 0.52867708 0.51835189
0.48965365 0.52918190 0.51978779
0.48962497 0.52914460 0.52186390
0.49014645 0.51470182 0.53670505
0.49015101 0.51616042 0.53624121
0.49017233 0.52515081 0.53109342
0.49321774 0.51625710 0.53723434
0.49316901 0.52521943 0.53302422
0.49373350 0.52423216 0.53402523
0.49424980 0.51730710 0.53726159
0.49423665 0.52285384 0.53498477
0.49508057 0.52324831 0.53499242
0.49555443 0.52413978 0.53453187
0.49537640 0.53112406 0.52298568
0.49579352 0.53063047 0.51463887
0.49644541 0.52281419 0.53540374
0.49649303 0.52374759 0.53497357
0.49699095 0.51732197 0.53725758
0.49697607 0.52187275 0.53591357
0.49749036 0.52377764 0.53497826
0.49795290 0.52282266 0.53544069
0.49854655 0.51482617 0.53773294
0.49854476 0.51532656 0.53772633
0.49843193 0.52188958 0.53589102
0.49840798 0.52424049 0.53454717
0.49953822 0.51677998 0.53725534
0.49942458 0.52145677 0.53589092
0.49916709 0.53294111 0.51657441
0.49965970 0.53295902 0.51561146
0.50006868 0.53243444 0.51364648
0.50108040 0.51772708 0.53673044
0.50059863 0.53293470 0.51420869
0.50207214 0.53289098 0.51320039
0.51849616 0.52787738 0.50701016
0.51930033 0.52831989 0.50836146
0.52029997 0.52599661 0.50472624
0.52116803 0.52553665 0.50469440
0.52111826 0.52599570 0.50514089
0.52113493 0.52739460 0.50749102
0.52165410 0.52690723 0.50703753
0.52164339 0.52736527 0.50795420
0.52311963 0.52500443 0.50567113
0.52312331 0.52545319 0.50612708
0.52305329 0.52642236 0.50752744
0.52358988 0.52498350 0.50613620
0.52350475 0.52640889 0.50795186
0.52493271 0.52452559 0.50747347
0.52543799 0.52448727 0.50836947
0.52593161 0.52226816 0.50661143
0.52830316 0.51874395 0.51520039
0.52873854 0.51652386 0.51468887
0.52914925 0.51306504 0.51728509
0.52911647 0.51303610 0.51774854
0.52916979 0.51400804 0.51677594
0.52913079 0.51395993 0.51863851
0.52913848 0.51446615 0.51861940
0.52918034 0.51493493 0.51722464
0.52914196 0.51493613 0.51862702
0.52918753 0.51542021 0.51767959
0.49185954 0.52891807 0.52782008
0.49288786 0.52686452 0.53178063
0.49287731 0.52788301 0.53079303
0.49575469 0.52679958 0.53281243
0.49563932 0.53086592 0.52466572
0.49767796 0.52676032 0.53286914
0.49766865 0.53093688 0.52570436
0.49860231 0.53186725 0.52377331
0.49842777 0.53272744 0.51723294
0.49850101 0.53271126 0.51903607
0.50320928 0.53453555 0.51550859
0.50517773 0.53444574 0.51440716
0.50617871 0.53444710 0.51543070
0.50604694 0.53448001 0.51839811
0.50712500 0.53442318 0.51636273
0.50706735 0.53447952 0.51834899
0.50908053 0.53350218 0.52416221
0.51002428 0.53350260 0.52416042
0.51092738 0.53354242 0.52319248
0.51685934 0.52948438 0.52796432
0.51785514 0.53236559 0.51611208
0.51770876 0.53234727 0.52401221
0.51872158 0.53128141 0.52603903
0.51954805 0.53046361 0.52605850
0.51958483 0.53239255 0.51797607
0.51956953 0.53241481 0.51900674
0.51965651 0.53239001 0.52106403
0.52039707 0.52867832 0.52708499
0.52053766 0.53146400 0.52306742
0.52151758 0.50824316 0.53559359
0.52140938 0.53150251 0.51899440
0.52140785 0.53154873 0.52007275
0.52241130 0.50733577 0.53466693
0.52225111 0.52779710 0.52611058
0.52227145 0.52966797 0.52408971
0.52239339 0.53055270 0.51799619
0.52314505 0.52509219 0.52704401
0.52329193 0.52965911 0.52100143
0.52414479 0.50813590 0.53286556
0.52415618 0.51829486 0.53095576
0.52421618 0.52784219 0.52200329
0.52419072 0.52885758 0.51904928
0.52422686 0.52880700 0.52006497
0.52510840 0.51369580 0.53100638
0.52516471 0.51548691 0.53092998
0.52520420 0.52406481 0.52400335
0.52515599 0.52704980 0.51811344
0.52515553 0.52696742 0.52018392
0.52802148 0.51749567 0.52026113
0.47629785 0.50987926 0.51940234
0.47629632 0.50989476 0.51965596
0.47629880 0.50997728 0.51929303
0.47630231 0.51010075 0.51930231
0.47629678 0.51011113 0.51943050
0.47650195 0.50509017 0.52521452
0.47650225 0.50510046 0.52555609
0.47649740 0.50519421 0.52511247
0.47649915 0.50533802 0.52578268
0.47664085 0.50494538 0.52617191
0.47662272 0.50542142 0.52625928
0.47661286 0.50563822 0.52623265
0.47661250 0.50586201 0.52622477
0.47674801 0.50548356 0.52671077
0.47673200 0.50583877 0.52668623
0.47672926 0.50595179 0.52656875
0.47705007 0.49990768 0.52362249
0.47719730 0.49898102 0.52338089
0.47737972 0.49850879 0.52460941
0.47739701 0.49862620 0.52508770
0.47739710 0.49872956 0.52520716
0.47739368 0.49883311 0.52530088
0.47738691 0.49896722 0.52540879
0.47753265 0.49848086 0.52555918
0.47754987 0.50033467 0.52771859
0.47768945 0.49773398 0.52511683
0.47769818 0.49784801 0.52557845
0.47781146 0.49735684 0.52486462
0.47783721 0.49747715 0.52546390
0.47797435 0.49760749 0.52610273
0.47798698 0.49903766 0.52766204
0.47775039 0.50881543 0.51020850
0.47775540 0.50892751 0.51031016
0.47813652 0.49852520 0.52757106
0.47792949 0.49236621 0.50130947
0.47792842 0.49273164 0.50025573
0.47792777 0.49319932 0.50002331
0.47792936 0.49333288 0.50002741
0.47824834 0.49735088 0.52649827
0.47826247 0.49744535 0.52672783
0.47806081 0.49192432 0.50193285
0.47807305 0.49191042 0.50215316
0.47803910 0.49229434 0.49981823
0.47838962 0.49860768 0.52825918
0.47818812 0.49154541 0.49949538
0.47815075 0.49230758 0.49880264
0.47817266 0.49265514 0.49855850
0.47816784 0.49287282 0.49855778
0.47814788 0.49307266 0.49867591
0.47860645 0.49846579 0.52856286
0.47822223 0.49940505 0.50179795
0.47844977 0.49021221 0.49952923
0.47845671 0.49020228 0.49964105
0.47842998 0.49062217 0.49848815
0.47856403 0.48992578 0.49874518
0.47856689 0.48989554 0.49908021
0.47856849 0.48985361 0.49967699
0.47855465 0.49029349 0.49826527
0.47886452 0.49765042 0.52837705
0.47868903 0.48954040 0.49900501
0.47869287 0.48952259 0.49923509
0.47867777 0.48969082 0.49864342
0.47870329 0.48957087 0.49994222
0.47868597 0.49033047 0.49763975
0.47896829 0.49818610 0.52901130
0.47881725 0.48934508 0.49985182
0.47881751 0.48970690 0.49768132
0.47882591 0.48997441 0.49742386
0.47880977 0.49101517 0.49714701
0.47909499 0.49796068 0.52902168
0.47876979 0.51406693 0.51098411
0.47893141 0.48916374 0.49892995
0.47894066 0.48914098 0.49927113
0.47893695 0.49013021 0.49702855
0.47906663 0.48945439 0.49743949
0.47898613 0.51450898 0.51086364
0.47917764 0.48886738 0.49929036
0.47918451 0.48906084 0.49804580
0.47928945 0.48895293 0.49793470
0.47932354 0.48946624 0.49690853
0.47920186 0.51505072 0.51098161
0.47943324 0.48960775 0.49666253
0.47931621 0.51495384 0.51051621
0.47950973 0.48854730 0.49860316
0.47951090 0.48853590 0.49872734
0.47951107 0.48873311 0.49781143
0.47943311 0.51528848 0.51063268
0.47962861 0.48886992 0.49732109
0.47975973 0.48831146 0.49822832
0.47975316 0.48847516 0.49781973
0.47976211 0.48888210 0.49704717
0.47990130 0.48816315 0.49823503
0.47987982 0.48847090 0.49754938
0.47980345 0.51565169 0.51051738
0.48001374 0.48802279 0.49847972
0.47999678 0.48802285 0.49874251
0.47998750 0.48802816 0.49887103
0.47995052 0.51464688 0.50876227
0.48014118 0.48792314 0.50007347
0.48003040 0.51529583 0.50949668
0.48028356 0.48774460 0.49846745
0.48025671 0.48780697 0.50008874
0.48030521 0.48800488 0.49755970
0.48027747 0.48858363 0.49665221
0.48016393 0.51477126 0.50855465
0.48038411 0.48768431 0.50009609
0.48042741 0.48800736 0.49730443
0.48042497 0.48815723 0.49704186
0.48058382 0.49767503 0.53083115
0.48056452 0.48746006 0.49845736
0.48054990 0.48744561 0.49885088
0.48057282 0.48771237 0.49768730
0.48055410 0.48855407 0.49625993
0.48038851 0.51502673 0.50845788
0.48063646 0.48742367 0.49987780
0.48070286 0.48813678 0.49662301
0.48069714 0.48839948 0.49625339
0.48082747 0.48731335 0.49818376
0.48084795 0.48756569 0.49742269
0.48098245 0.48756344 0.49716090
0.48097588 0.48768688 0.49690892
0.48116413 0.49284863 0.52501943
0.48100928 0.48706374 0.49923753
0.48109053 0.48718008 0.49790410
0.48087588 0.51590635 0.50883883
0.48122581 0.48716729 0.49765365
0.48122253 0.48741413 0.49703604
0.48122354 0.48754463 0.49678258
0.48137920 0.49285557 0.52559010
0.48134421 0.48691051 0.49814479
0.48135915 0.48703034 0.49775990
0.48107474 0.51602031 0.50875404
0.48116823 0.51602090 0.50865358
0.48144225 0.48680911 0.50078493
0.48142754 0.49738477 0.49324430
0.48142396 0.49751361 0.49325088
0.48157484 0.48668252 0.50066107
0.48151488 0.48729089 0.50600498
0.48154600 0.49089199 0.49339245
0.48154980 0.49118978 0.49328118
0.48156725 0.49147643 0.49317604
0.48153831 0.49787406 0.49324723
0.48166045 0.49055973 0.49340189
0.48165801 0.49108447 0.49317562
0.48197653 0.49276693 0.52671650
0.48192035 0.49664854 0.49251960
0.48219141 0.48848509 0.49413923
0.48217682 0.48861165 0.49402500
0.48238138 0.48941117 0.49330498
0.48254238 0.49143708 0.52511504
0.48257389 0.48631898 0.50483359
0.48273210 0.49491611 0.49145833
0.48309876 0.49123083 0.52606621
0.48320618 0.49896432 0.49162913
0.48332956 0.49869922 0.49137204
0.48332731 0.49896712 0.49150485
0.48369967 0.48510475 0.50067201
0.48379945 0.48494264 0.49882031
0.48382308 0.48492262 0.49905599
0.48529294 0.48444867 0.49681846
0.48563275 0.48423822 0.49670583
0.48593044 0.48451963 0.49527454
0.48603324 0.48452845 0.49508118
0.48602780 0.48464850 0.49483141
0.48632399 0.48335658 0.49801175
0.48665814 0.48919723 0.52931387
0.48667139 0.48948789 0.52963154
0.48667487 0.48959964 0.52974046
0.48675990 0.48910016 0.52931826
0.48677835 0.48938786 0.52963424
0.48639544 0.49526286 0.48673805
0.48686208 0.48840153 0.52846729
0.48696602 0.48920863 0.52962904
0.48707646 0.48303818 0.50647738
0.48711071 0.48805228 0.52825872
0.48705843 0.48881576 0.52932513
0.48721794 0.48794154 0.52825703
0.48732702 0.48793389 0.52846702
0.48755404 0.48780843 0.52857129
0.48766266 0.48791003 0.52887419
0.48785091 0.48501507 0.52287158
0.48799548 0.48216559 0.50488883
0.48806471 0.48478298 0.52274108
0.48801133 0.48217448 0.50361071
0.48849909 0.48409072 0.52009697
0.48919469 0.48596178 0.52745241
0.48941214 0.48131331 0.50404642
0.48967279 0.48119300 0.50405677
0.48944655 0.49054723 0.48488337
0.48983343 0.50459329 0.48817826
0.48981748 0.50481823 0.48830303
0.48967809 0.50411898 0.53640609
0.48984961 0.48352790 0.52055143
0.48956777 0.49055231 0.48476901
0.48957487 0.49080661 0.48463997
0.49022383 0.48604971 0.52910264
0.48984017 0.49318268 0.48365739
0.48991507 0.48965671 0.48497640
0.48994303 0.49096172 0.48425120
0.48993141 0.49164189 0.48401045
0.49019255 0.48096546 0.50427435
0.49009922 0.49317858 0.48340199
0.49009945 0.49330592 0.48339857
0.49054482 0.49542695 0.53493014
0.49019769 0.49082015 0.48411917
0.49020485 0.49282816 0.48338939
0.49021442 0.49378828 0.48340088
0.49025495 0.48847438 0.48554919
0.49034388 0.49355052 0.48326969
0.49079225 0.49544336 0.53493304
0.49038229 0.52647972 0.51269456
0.49043483 0.49402858 0.48328910
0.49101598 0.48505345 0.52844967
0.49046084 0.48836771 0.48544326
0.49046904 0.48849242 0.48531940
0.49124212 0.48504173 0.52863812
0.49100625 0.50452464 0.48726449
0.49094004 0.49119385 0.48333376
0.49091917 0.49285098 0.48289889
0.49104102 0.52687520 0.51243753
0.49150951 0.48435286 0.52722288
0.49116862 0.52686449 0.51229801
0.49173415 0.48423721 0.52711315
0.49174079 0.48459469 0.52807542
0.49182731 0.48412793 0.52687559
0.49187135 0.48470957 0.52841296
0.49194421 0.48413509 0.52700563
0.49204961 0.48401732 0.52676813
0.49189681 0.50522054 0.48706855
0.49191152 0.50568278 0.48729095
0.49191696 0.50590632 0.48740397
0.49226234 0.48403376 0.52692109
0.49214062 0.50610068 0.48738223
0.49204736 0.48149248 0.49143490
0.49250684 0.51547350 0.49639365
0.49227262 0.48126582 0.49156224
0.49262868 0.51536354 0.49615944
0.49285049 0.51583125 0.49641328
0.49295228 0.51559232 0.49607295
0.49295098 0.51581631 0.49630885
0.49286468 0.48681296 0.48469150
0.49350758 0.47993252 0.49322015
0.49373219 0.47981449 0.49312314
0.49409772 0.50217663 0.53618454
0.49461826 0.47949414 0.49211195
0.49457139 0.48025078 0.49086113
0.49484492 0.47936696 0.49235439
0.49481628 0.47949141 0.49190189
0.49540589 0.47975911 0.49089199
0.49562793 0.50742751 0.48599613
0.49556755 0.48102751 0.48849977
0.49588997 0.48101846 0.48819215
0.49621169 0.50937451 0.48703923
0.49651491 0.48140498 0.48718457
0.49662585 0.48154798 0.48692660
0.49675042 0.48128509 0.48718255
0.49709362 0.47936361 0.49031351
0.49731126 0.47949460 0.48981042
0.49738577 0.48088418 0.48731549
0.49738757 0.48126644 0.48678828
0.49754421 0.47972633 0.48907933
0.49735407 0.48676667 0.48130358
0.49737145 0.48705046 0.48110176
0.49756146 0.48271589 0.48496178
0.49749089 0.48652676 0.48141074
0.49782161 0.48209150 0.48542122
0.49811396 0.48466250 0.48267448
0.49821725 0.48178984 0.48554665
0.49819040 0.48245404 0.48482093
0.49858770 0.47982878 0.48822477
0.49850550 0.48619632 0.52972786
0.49884938 0.47969863 0.48833923
0.49884027 0.47981283 0.48810137
0.49910238 0.51063792 0.48575358
0.49961904 0.51095241 0.48562969
0.49958525 0.51112803 0.48582484
0.49997865 0.48054984 0.48610143
0.50014310 0.48028236 0.48658258
0.50023444 0.47872728 0.48986563
0.50005039 0.48347165 0.48281865
0.50049486 0.48051761 0.48612087
0.50119157 0.48306159 0.48266523
0.50140016 0.51640417 0.48946553
0.50169528 0.47741491 0.49311478
0.50148281 0.52102184 0.49445355
0.50162650 0.52155456 0.49496657
0.50237614 0.47776911 0.49109785
0.50244974 0.48174215 0.48405277
0.50257630 0.47740729 0.49198656
0.50277204 0.47801035 0.49035062
0.50300514 0.52217227 0.49508792
0.50315537 0.51854092 0.49019557
0.50326051 0.51832783 0.48986875
0.50360775 0.47492051 0.50542367
0.50348971 0.51303870 0.48546100
0.50389460 0.47757210 0.49107080
0.50393991 0.51952044 0.49057109
0.50406325 0.51940088 0.49045583
0.50445023 0.47757308 0.49096595
0.50443711 0.47770000 0.49046234
0.50420238 0.51939844 0.49044834
0.50418890 0.51962741 0.49068005
0.50420114 0.51328548 0.48534756
0.50431859 0.51963011 0.49067992
0.50467767 0.47768669 0.49047819
0.50444863 0.51951429 0.49055570
0.50445094 0.51963812 0.49068555
0.50497432 0.51977389 0.49092282
0.50508350 0.51977087 0.49092533
0.50529723 0.51932663 0.49036637
0.50530361 0.51942965 0.49047236
0.50576771 0.47758415 0.51458704
0.50634453 0.49703099 0.47430365
0.50648952 0.49599040 0.47370215
0.50779714 0.47740081 0.49157253
0.50803958 0.47438916 0.50475837
0.50826416 0.47763965 0.49081318
0.50843571 0.47430736 0.50501204
0.50841328 0.47431016 0.50522982
0.50838285 0.47765798 0.51580671
0.50854707 0.47431517 0.50500452
0.50860146 0.47765967 0.51580052
0.50909102 0.47431120 0.50577738
0.50914932 0.47676159 0.51371266
0.50925430 0.47750374 0.49131742
0.50881914 0.49194583 0.47092272
0.50883424 0.49232539 0.47090592
0.50921090 0.47431341 0.50589066
0.50919538 0.47431042 0.50600016
0.50926292 0.47840472 0.51715469
0.50908366 0.49195996 0.47080218
0.50955505 0.47847581 0.48945837
0.50951615 0.47441715 0.50621722
0.50977741 0.47695980 0.49334277
0.50936113 0.49184398 0.47068997
0.50999818 0.47695729 0.49335381
0.50993024 0.47711960 0.51466572
0.50961003 0.49184860 0.47056650
0.50970033 0.49112122 0.47083675
0.50971628 0.49173141 0.47056676
0.51022461 0.49308597 0.53009323
0.50981813 0.49101947 0.47082428
0.50982904 0.49122754 0.47071178
0.50983776 0.49160023 0.47057900
0.50989229 0.49225475 0.47044157
0.50990827 0.49249613 0.47043584
0.50991449 0.49261172 0.47044043
0.51041686 0.47701045 0.51442936
0.51005391 0.49091732 0.47080329
0.51012572 0.49175801 0.47044499
0.51031517 0.47489056 0.50593203
0.51050283 0.47715612 0.49305599
0.51053210 0.47701423 0.51442594
0.51054046 0.47721699 0.51486357
0.51026673 0.49203252 0.47031885
0.51071956 0.49270846 0.52967949
0.51031807 0.50308636 0.47670140
0.51045218 0.47502243 0.50544108
0.51063428 0.47897715 0.51725443
0.51039076 0.49189925 0.47032480
0.51043232 0.50308278 0.47669990
0.51057676 0.47501986 0.50616465
0.51056175 0.47500902 0.50676032
0.51096585 0.49284303 0.52966543
0.51087891 0.47712217 0.51466025
0.51062243 0.49384795 0.47024362
0.51072891 0.49203857 0.47019619
0.51073509 0.49397266 0.47024925
0.51079521 0.49472493 0.47058594
0.51082741 0.49191051 0.47020423
0.51116481 0.47711510 0.51436667
0.51103522 0.49500075 0.47059551
0.51114043 0.48981029 0.47133281
0.51112145 0.49001374 0.47112406
0.51107311 0.49143044 0.47031234
0.51111152 0.49461263 0.47036813
0.51113402 0.49488822 0.47048688
0.51121605 0.49011149 0.47102507
0.51118021 0.49164102 0.47021836
0.51116175 0.49323581 0.46998988
0.51120065 0.49397813 0.47011680
0.51137096 0.49476260 0.47036777
0.51171224 0.47849704 0.48958343
0.51139827 0.49189264 0.47009440
0.51142360 0.49362793 0.47000505
0.51146198 0.49426263 0.47013109
0.51178245 0.47760745 0.51428936
0.51187292 0.47840322 0.48995443
0.51178626 0.48072956 0.51830833
0.51150651 0.49289196 0.46988379
0.51152510 0.49313288 0.46988682
0.51162454 0.49215247 0.46998366
0.51162930 0.49262207 0.46987852
0.51177982 0.49582679 0.47092708
0.51195928 0.47587464 0.50588704
0.51190186 0.48922572 0.47169714
0.51178499 0.49174554 0.47009945
0.51175277 0.49251810 0.46987321
0.51177995 0.49339137 0.46989281
0.51181305 0.49402018 0.47002145
0.51205755 0.47597894 0.50543926
0.51189398 0.49252562 0.46987096
0.51190114 0.49352122 0.46989694
0.51193392 0.49403132 0.47001911
0.51236803 0.47852083 0.49000241
0.51214928 0.48942757 0.47137848
0.51213870 0.48953610 0.47126230
0.51251699 0.49037738 0.52723158
0.51204339 0.49161937 0.47011468
0.51201048 0.49240713 0.46987350
0.51201400 0.49264665 0.46987021
0.51232021 0.47611406 0.50566598
0.51233665 0.47611660 0.50589290
0.51249056 0.47852507 0.49011663
0.51228854 0.48931426 0.47148962
0.51227708 0.48975075 0.47103659
0.51214801 0.49352093 0.46989834
0.51218431 0.49404749 0.47001986
0.51223356 0.49517142 0.47038773
0.51260713 0.47863838 0.49011914
0.51255264 0.48041260 0.51743053
0.51275850 0.49006582 0.52689180
0.51227454 0.49186520 0.46999154
0.51227240 0.49226117 0.46987591
0.51227754 0.49239808 0.46987181
0.51231331 0.49405042 0.47002412
0.51235775 0.49517376 0.47039043
0.51240042 0.49226637 0.46987676
0.51240280 0.49240111 0.46987100
0.51240430 0.49253145 0.46987109
0.51241133 0.49289600 0.46988177
0.51282220 0.47947354 0.51613402
0.51262985 0.48930938 0.47151048
0.51296950 0.49036986 0.52700495
0.51254954 0.49339938 0.46990189
0.51269593 0.48986133 0.47093857
0.51298805 0.48194209 0.51877715
0.51298304 0.48206566 0.51890306
0.51281859 0.48973857 0.47105755
0.51281595 0.49085674 0.47038786
0.51281882 0.49110745 0.47026100
0.51281419 0.49186380 0.47000902
0.51281579 0.49227012 0.46988805
0.51281982 0.49240384 0.46988421
0.51312113 0.47663630 0.50589056
0.51311729 0.47663242 0.50600397
0.51311100 0.47662728 0.50612767
0.51311742 0.47924954 0.51539079
0.51314951 0.47947002 0.51579359
0.51295534 0.48940632 0.47140020
0.51291523 0.49006501 0.47083047
0.51293519 0.49328281 0.46991120
0.51320635 0.47672321 0.50692419
0.51325176 0.47958037 0.51579531
0.51321393 0.48217103 0.51877897
0.51306517 0.49087083 0.47038281
0.51307002 0.49110290 0.47026250
0.51308262 0.49263102 0.46989834
0.51306751 0.49315944 0.46991413
0.51338382 0.47688483 0.50579160
0.51333109 0.47926777 0.51498584
0.51333464 0.47936143 0.51518340
0.51337917 0.47981370 0.51590947
0.51321585 0.49262295 0.46990485
0.51320465 0.49302161 0.46991761
0.51345104 0.47937643 0.51496413
0.51343988 0.47946559 0.51518480
0.51356764 0.47981426 0.51563730
0.51356374 0.48229876 0.51853639
0.51355876 0.48240625 0.51866230
0.51366383 0.47968799 0.51517575
0.51366156 0.48001022 0.51574202
0.51362992 0.49203288 0.47002975
0.51389111 0.49215934 0.47004121
0.51384766 0.49435391 0.47019089
0.51407806 0.49468027 0.47030931
0.51427288 0.49266312 0.47008086
0.51448841 0.47781755 0.50693307
0.51447614 0.47781247 0.50705628
0.51459655 0.47804508 0.50729971
0.51472812 0.47827855 0.50726465
0.51548525 0.49002708 0.47096641
0.51550335 0.49038522 0.47073145
0.51558291 0.49241868 0.47042220
0.51561315 0.49265807 0.47042956
0.51564323 0.49351436 0.47056579
0.51560654 0.48991240 0.47107650
0.51576696 0.49327214 0.47055713
0.51588118 0.49304479 0.47056090
0.51589593 0.49362480 0.47069395
0.51595768 0.49246143 0.47053910
0.51597598 0.49270957 0.47055068
0.51598421 0.48895081 0.47226875
0.51613236 0.49385062 0.47092965
0.51618314 0.49186143 0.47064779
0.51620511 0.49233763 0.47065150
0.51623997 0.48882331 0.47251322
0.51624215 0.48896097 0.47227611
0.51625882 0.48922480 0.47203066
0.51629727 0.49130674 0.47076185
0.51634368 0.48870417 0.47283792
0.51636081 0.48881891 0.47262493
0.51642904 0.49142695 0.47077402
0.51644098 0.49176009 0.47077204
0.51646777 0.49210911 0.47078112
0.51647363 0.49222054 0.47078424
0.51645482 0.49272441 0.47090029
0.51646182 0.48849167 0.47337660
0.51649414 0.48896071 0.47262100
0.51657975 0.48860501 0.47336497
0.51669245 0.49188939 0.47089961
0.51672171 0.49272552 0.47116855
0.51668962 0.48861637 0.47357865
0.51677051 0.49068079 0.47101458
0.51690111 0.49096351 0.47101270
0.51690723 0.49120869 0.47100680
0.51700732 0.49083714 0.47112695
0.51704082 0.49156667 0.47113542
0.51710531 0.49046836 0.47134027
0.51711455 0.49084170 0.47123587
0.51716859 0.49157894 0.47126416
0.51723916 0.49098831 0.47135277
0.51726488 0.49135876 0.47137008
0.51737301 0.49088379 0.47158786
0.51767542 0.48706934 0.47918896
0.51770459 0.48967389 0.47396396
0.51819495 0.49031859 0.47412757
0.52475566 0.50078206 0.48329889
0.52530208 0.50033366 0.48339274
0.52540690 0.49342578 0.48637233
0.52550091 0.49997386 0.48337588
0.52550999 0.50022256 0.48348994
0.52552445 0.49367321 0.48626312
0.52561901 0.50023242 0.48359814
0.52573226 0.50011624 0.48373219
0.52573685 0.50023411 0.48385286
0.52577174 0.49368350 0.48685592
0.52589570 0.49367933 0.48754473
0.52589404 0.49366859 0.48789049
0.52598997 0.49725033 0.48407786
0.52606058 0.49967490 0.48403330
0.52615553 0.49407793 0.48732386
0.52613545 0.49824378 0.48410605
0.52615602 0.49956260 0.48423809
0.52615996 0.49968864 0.48436810
0.52616286 0.49979626 0.48448307
0.52638193 0.49453288 0.48710824
0.52675892 0.49942640 0.48657581
0.52685654 0.49517819 0.48746390
0.52685234 0.49856312 0.48625231
0.52698724 0.49678086 0.48601725
0.52707839 0.49527985 0.48792471
0.52707868 0.49527559 0.48804326
0.52709867 0.49665042 0.48638792
0.52722601 0.49569967 0.48993857
0.52730234 0.49608617 0.48846563
0.52734310 0.49606449 0.49017845
0.52733802 0.49605215 0.49030130
0.52744684 0.49649697 0.49046865
0.52744414 0.49649121 0.49060251
0.52742324 0.49647028 0.49083835
0.52809359 0.51395846 0.50673763
0.52820420 0.51384857 0.50709701
0.52833044 0.51289453 0.50743574
