0.47574111 0.50548216 0.52679730
0.47613327 0.50085303 0.52879242
0.47608079 0.50229456 0.52881113
0.47607933 0.50251654 0.52881455
0.47607943 0.50274756 0.52881185
0.47635944 0.50109596 0.52928018
0.47629746 0.50295739 0.52925843
0.47660469 0.50158099 0.52977536
0.47682432 0.50945228 0.52744248
0.47776895 0.49730404 0.52849687
0.47733779 0.51741589 0.52018447
0.47775547 0.51831149 0.52041566
0.47944082 0.49773285 0.53133405
0.48132806 0.49655788 0.53228825
0.48159372 0.49656257 0.53254681
0.48625977 0.49392998 0.53398779
0.48676110 0.49511032 0.53515996
0.48696917 0.49491803 0.53516771
0.48757747 0.48898900 0.53079079
0.48795329 0.49542952 0.53564313
0.48807878 0.48830911 0.53059466
0.48989395 0.48591813 0.52974411
0.49059173 0.48592171 0.53042630
0.49061706 0.48616208 0.53067751
0.49101982 0.48571904 0.53044001
0.49154020 0.48501842 0.52999564
0.49179626 0.48456729 0.52909443
0.49203402 0.48520277 0.53040228
0.49197419 0.48593249 0.53114463
0.49218714 0.48778245 0.53253408
0.49230326 0.49623893 0.53663971
0.49252301 0.48542760 0.53087021
0.49243493 0.48589248 0.53134007
0.49268730 0.49379365 0.53612842
0.49290231 0.48563496 0.53128262
0.49305361 0.48611829 0.53175153
0.49302015 0.48756230 0.53274538
0.49313158 0.49356055 0.53609756
0.49336159 0.49357008 0.53610055
0.49353776 0.48560130 0.53122334
0.49366335 0.48657630 0.53222253
0.49413180 0.48604678 0.53171471
0.49564424 0.49837666 0.53737191
0.49588187 0.48602829 0.53171833
0.49591501 0.48658037 0.53220924
0.49598672 0.49937064 0.53756953
0.49616484 0.48760446 0.53273604
0.49625400 0.49832881 0.53737637
0.49621872 0.49936429 0.53757962
0.49778320 0.50936650 0.53891875
0.49824948 0.50867555 0.53889987
0.49848910 0.50867070 0.53890618
0.49936777 0.50871517 0.53893421
0.50884714 0.47396735 0.51159961
0.50950075 0.47377936 0.51122191
0.50979222 0.49476468 0.53333978
0.50978291 0.49523281 0.53358392
0.50997904 0.47404574 0.51165651
0.51017246 0.47381842 0.51125706
0.51044264 0.47923128 0.51899186
0.51080579 0.49524359 0.53333180
0.51093503 0.47923213 0.51873571
0.51268372 0.47779326 0.51580052
0.51264251 0.48294434 0.52269818
0.51291689 0.48583984 0.52528786
0.51306868 0.47715742 0.51436533
0.51305885 0.48200049 0.52132715
0.51335013 0.47781035 0.51516676
0.51339499 0.48610247 0.52529782
0.51350967 0.48199076 0.52108796
0.51355016 0.48476452 0.52400745
0.51354753 0.48497236 0.52422438
0.51389323 0.48614694 0.52507288
0.51472497 0.47565921 0.50881549
0.51470745 0.47564889 0.50902728
0.52967126 0.51395462 0.50063613
0.52992201 0.51325407 0.50039876
0.53018952 0.51344899 0.50328509
0.53040413 0.51240980 0.50355273
0.47793363 0.50545638 0.53248607
0.47792588 0.50638031 0.53250534
0.47851755 0.50496595 0.53352480
0.47846279 0.50634336 0.53349150
0.47880107 0.51121702 0.53198564
0.47873099 0.51171286 0.53144772
0.47956032 0.50149551 0.53359775
0.47961865 0.50441888 0.53505342
0.47954108 0.50579655 0.53497253
0.47941087 0.50822028 0.53444798
0.47940374 0.51012604 0.53401130
0.47907093 0.51582233 0.52803486
0.47914297 0.52409528 0.50453206
0.47996810 0.50620592 0.53540967
0.47991673 0.50870042 0.53494544
0.47989704 0.51056901 0.53448981
0.47959079 0.51534362 0.53003802
0.47958991 0.51584059 0.52952246
0.47955508 0.51682510 0.52805589
0.47957471 0.52410202 0.50366117
0.47956530 0.52453675 0.50497233
0.48049408 0.50524551 0.53590033
0.48047448 0.50570632 0.53588743
0.48038301 0.51059121 0.53495254
0.48003730 0.51678708 0.52950957
0.48106904 0.49904674 0.53406999
0.48108688 0.50004189 0.53458200
0.48097122 0.50718532 0.53592497
0.48085117 0.51152220 0.53498480
0.48060527 0.51482803 0.53245954
0.48057578 0.51676458 0.53059531
0.48041605 0.52459342 0.50408643
0.48153558 0.49859111 0.53407327
0.48155622 0.50057692 0.53509199
0.48163138 0.50333275 0.53606917
0.48159857 0.50520420 0.53644144
0.48211191 0.50376865 0.53653688
0.48198281 0.50712734 0.53645469
0.48161761 0.51437285 0.53443903
0.48258649 0.50057155 0.53560876
0.48253428 0.50293483 0.53653942
0.48185439 0.52207917 0.52608135
0.48302754 0.50379268 0.53701305
0.48351494 0.50192757 0.53652233
0.48343581 0.50338024 0.53700371
0.48580120 0.51866777 0.53581579
0.48626484 0.51524733 0.53676755
0.48865954 0.53027347 0.51927070
0.49011647 0.51471309 0.53826348
0.49060902 0.51569150 0.53826676
0.49164593 0.51424212 0.53877275
0.49356260 0.48723350 0.53261846
0.49466842 0.51739062 0.53833324
0.49512477 0.52022217 0.53742891
0.49507256 0.52150589 0.53697965
0.49607643 0.51235501 0.53886891
0.49606556 0.51583122 0.53883122
0.49654346 0.51581745 0.53883353
0.49652363 0.51737721 0.53835374
0.49796715 0.52147793 0.53699912
0.49846110 0.52242998 0.53650781
0.49901364 0.51433971 0.53888034
0.49948906 0.51533545 0.53884561
0.50074893 0.50839245 0.53880163
0.50151660 0.51731178 0.53829508
0.50447695 0.50942327 0.53874277
0.51117969 0.49340938 0.53217712
0.51214720 0.49389199 0.53215830
0.52036055 0.48979189 0.52444062
0.52542194 0.52250833 0.50382943
0.52543314 0.52288939 0.50424538
0.52635361 0.49540052 0.52112692
0.52634860 0.49586663 0.52205791
0.52726517 0.49684674 0.52159079
0.52981087 0.51705716 0.51037308
0.48484202 0.52592816 0.52772757
0.48597946 0.52408128 0.53269528
0.48703011 0.52404658 0.53461504
0.48696644 0.52492187 0.53368014
0.48688320 0.52786413 0.52879945
0.48689079 0.52897760 0.52458128
0.48805140 0.52496572 0.53470299
0.48793229 0.52890970 0.52880400
0.48789479 0.52997230 0.51996696
0.48787542 0.52992611 0.52172266
0.48894827 0.52892070 0.52984821
0.48885729 0.53003125 0.52465013
0.48991227 0.53001455 0.52781927
0.49186348 0.52685072 0.53385550
0.49375986 0.52896035 0.53176735
0.49577210 0.52218285 0.53673034
0.49574274 0.52403122 0.53582135
0.49570752 0.52896185 0.53187435
0.49673226 0.52216396 0.53676602
0.49673724 0.52408447 0.53580579
0.49772383 0.52682874 0.53396195
0.49771227 0.52788203 0.53295407
0.49730273 0.53372920 0.51623057
0.50035944 0.53473656 0.51537145
0.50159219 0.53184896 0.52893799
0.50255719 0.53279935 0.52787839
0.50220739 0.53468151 0.51338076
0.50230319 0.53667939 0.52120208
0.50313210 0.53563262 0.51548887
0.50411999 0.53556344 0.51440169
0.50625205 0.53551165 0.51434951
0.50600937 0.53654801 0.51839648
0.50733258 0.53459557 0.52508659
0.50818636 0.53458008 0.52514554
0.50810576 0.53553320 0.52325387
0.50810016 0.53650690 0.51831803
0.50809785 0.53647080 0.52127646
0.51103971 0.53258070 0.52812607
0.51100778 0.53552744 0.52224704
0.51288203 0.53157188 0.52909307
0.51380107 0.53252005 0.52814567
0.51477148 0.53152233 0.52909661
0.51594066 0.51568340 0.53856491
0.51576865 0.53349867 0.52507041
0.51684870 0.51384577 0.53859157
0.51685934 0.51479206 0.53853896
0.51684382 0.51654352 0.53767041
0.51685508 0.53443792 0.51711501
0.51778369 0.53139124 0.52806820
0.51782695 0.53348115 0.51303428
0.51766898 0.53340378 0.52398161
0.51773187 0.53441221 0.51810303
0.51775003 0.53438024 0.52000163
0.51969316 0.53336598 0.52201266
0.52031243 0.51656032 0.53586234
0.52068916 0.53342721 0.51596992
0.52064346 0.53341003 0.51691787
0.52140609 0.51282676 0.53674108
0.52125166 0.51558757 0.53585091
0.52137549 0.52955775 0.52814906
0.52145739 0.53157480 0.52406354
0.52242021 0.50636156 0.53570863
0.52243796 0.50915850 0.53661009
0.52243415 0.51097191 0.53665573
0.52333662 0.51186195 0.53571735
0.52338942 0.51449222 0.53484245
0.52332171 0.51650182 0.53390446
0.52330088 0.52972581 0.52411230
0.52425309 0.50815973 0.53567832
0.52424362 0.50910537 0.53570452
0.52426729 0.52717109 0.50767425
0.52434206 0.52974307 0.52102848
0.52517656 0.50816644 0.53473213
0.52520446 0.50908613 0.53473730
0.52516357 0.51275400 0.53396624
0.52518112 0.51734411 0.53197520
0.52524678 0.52619714 0.50767210
0.52526693 0.52789857 0.52204541
0.52522510 0.52904173 0.51143691
0.52522982 0.52892731 0.51905186
0.52524098 0.52887461 0.52009733
0.52718503 0.52336296 0.50771729
0.52713447 0.52427539 0.51045260
0.52803278 0.51829762 0.52804316
0.52890013 0.51933558 0.52606992
0.52895534 0.52040654 0.52504391
0.52991455 0.51728587 0.52616217
0.53087744 0.51182171 0.52529557
0.53087406 0.51456637 0.52526344
0.53093291 0.51564642 0.52028314
0.53087663 0.51643594 0.52426130
0.53086276 0.51638883 0.52522546
0.53188867 0.50733574 0.51949144
0.53185381 0.50733024 0.52046855
0.53192070 0.50827002 0.51848685
0.53187080 0.50989173 0.51850895
0.53182946 0.50992809 0.52144079
0.53187979 0.51181589 0.51939616
0.53185648 0.51278314 0.52135850
0.53182331 0.51270775 0.52238470
0.51723275 0.53290706 0.52558786
0.52289759 0.53115632 0.52157565
0.47111536 0.49814642 0.51629303
0.47333757 0.49487917 0.51288646
0.47335225 0.50949167 0.51451247
0.47334795 0.50961468 0.51464326
0.47332340 0.50965993 0.51521950
0.47332165 0.50964551 0.51532910
0.47332321 0.50963581 0.51543473
0.47345498 0.49475846 0.51325993
0.47344424 0.50990052 0.51553851
0.47357516 0.49463434 0.51325706
0.47342106 0.49511882 0.50885928
0.47367738 0.51038962 0.51584691
0.47378122 0.51035713 0.51633714
0.47379674 0.51050413 0.51619736
0.47536387 0.50967884 0.52265495
0.47586556 0.49845824 0.52624775
0.47564352 0.50647751 0.52589382
0.47563053 0.51107783 0.52206006
0.47598910 0.49797594 0.52602845
0.47600361 0.49821478 0.52628444
0.47592399 0.51406699 0.51959102
0.47633776 0.49323424 0.49992038
0.47634222 0.49334287 0.49991999
0.47746126 0.48979788 0.49804206
0.47745348 0.48991696 0.49792633
0.47745462 0.49018389 0.49778066
0.47757813 0.48966875 0.49793848
0.47758350 0.48994144 0.49754098
0.47758887 0.49006816 0.49740579
0.47771901 0.48939372 0.49806725
0.47771048 0.48936318 0.49842135
0.47783483 0.48925755 0.49795824
0.47808743 0.48899163 0.49781758
0.47822539 0.48886966 0.49766995
0.47823115 0.48897728 0.49741680
0.47874759 0.48789814 0.50139102
0.47875485 0.48788949 0.50150000
0.47869049 0.48818652 0.49836966
0.47869697 0.48850732 0.49716198
0.47871572 0.48878249 0.49663617
0.47882708 0.48823490 0.49742536
0.47893988 0.48809017 0.49756387
0.47893971 0.48839925 0.49679870
0.47894906 0.48854961 0.49651276
0.47905762 0.48764355 0.49924880
0.47920192 0.48810970 0.49679587
0.47955192 0.49339779 0.52744587
0.47955632 0.49352292 0.52769827
0.47967074 0.49341221 0.52769814
0.47943672 0.48737943 0.49862913
0.47945479 0.48752881 0.49781351
0.47976507 0.49316829 0.52744365
0.47956530 0.48696953 0.50081126
0.47956807 0.48710124 0.49953643
0.47959850 0.48769287 0.49681325
0.47960941 0.48782533 0.49652256
0.47969417 0.48696462 0.49964456
0.47972331 0.48754714 0.49693454
0.47999482 0.49330482 0.52791940
0.47964349 0.49853988 0.49114124
0.47981999 0.48690452 0.50616162
0.47988379 0.48755072 0.49651725
0.47998955 0.48724938 0.49715895
0.47988955 0.49864886 0.49078271
0.48007096 0.48665296 0.50618737
0.48018454 0.48653743 0.50606859
0.48031387 0.48641195 0.50607712
0.48044277 0.48629570 0.50597383
0.48049349 0.48642594 0.49844710
0.48136224 0.48543506 0.49933118
0.48138906 0.48554756 0.49876755
0.48148219 0.48530811 0.49944847
0.48146839 0.48531683 0.49956364
0.48116292 0.49188828 0.48566764
0.48116755 0.49242972 0.48585895
0.48189525 0.48494105 0.50123763
0.48199714 0.49303512 0.48460029
0.48210508 0.49313600 0.48449535
0.48224154 0.49175811 0.48421035
0.48224658 0.49212314 0.48420293
0.48233737 0.49211836 0.48411289
0.48244229 0.49119076 0.48458213
0.48269723 0.49107142 0.48445534
0.48279795 0.49222542 0.48377917
0.48302813 0.49175299 0.48367816
0.48314958 0.49084499 0.48425160
0.48315309 0.49150423 0.48367158
0.48324199 0.49097975 0.48401198
0.48334232 0.49086061 0.48402526
0.48415794 0.49604447 0.48432204
0.48431960 0.48334108 0.49802272
0.48611133 0.48881019 0.52935586
0.48611956 0.48902786 0.52958125
0.48621650 0.48859001 0.52923740
0.48626797 0.48933467 0.53002451
0.48667236 0.48828851 0.52936650
0.48668281 0.48851156 0.52960641
0.48681559 0.48359915 0.52089772
0.48677503 0.48829561 0.52947995
0.48678734 0.48841400 0.52960527
0.48689346 0.48171735 0.50524844
0.48694115 0.48348916 0.52090924
0.48690807 0.48773737 0.52887080
0.48718883 0.48334505 0.52102406
0.48718411 0.48346003 0.52124740
0.48711663 0.48784209 0.52927223
0.48745120 0.48331777 0.52138590
0.48757568 0.48319505 0.52115843
0.48824980 0.48098783 0.50721237
0.48969121 0.47973180 0.50286533
0.48968906 0.47973340 0.50298483
0.49025589 0.48498747 0.52846768
0.49012760 0.48539902 0.48386543
0.49121816 0.48366644 0.52662692
0.49091445 0.48473372 0.48395768
0.49165436 0.48355739 0.52663763
0.49104001 0.48486647 0.48372214
0.49111273 0.48451901 0.48405625
0.49131963 0.48014053 0.49323949
0.49239437 0.47978649 0.49214997
0.49355355 0.47876130 0.49273802
0.49402233 0.47980775 0.48977939
0.49417370 0.47953089 0.49018932
0.49686214 0.48018555 0.48569697
0.49698646 0.48018750 0.48558555
0.49944775 0.47613590 0.51297826
0.49955508 0.47623324 0.51379056
0.49964469 0.47623721 0.51388926
0.49976497 0.47603232 0.51305371
0.49968118 0.48097692 0.48190508
0.50097643 0.48217777 0.47946104
0.50109202 0.48240111 0.47923249
0.50148997 0.47800911 0.51865615
0.50159499 0.47787194 0.51838451
0.50148584 0.48179479 0.52488405
0.50175609 0.48228236 0.52558857
0.50214072 0.47670378 0.48717256
0.50214658 0.47680456 0.48686296
0.50225098 0.47670632 0.48695768
0.50249049 0.47669150 0.48673327
0.50250137 0.47701120 0.48620885
0.50260186 0.47659759 0.48693913
0.50287308 0.47648561 0.48717939
0.50331742 0.47788952 0.51868734
0.50423913 0.47989535 0.48050452
0.50453128 0.47962979 0.48074854
0.50470492 0.47774954 0.51849876
0.50489964 0.47774759 0.51850169
0.50523691 0.47975570 0.48029492
0.50498359 0.51043770 0.47613040
0.50547204 0.47277021 0.50531224
0.50569137 0.47266781 0.50553981
0.50565228 0.48142516 0.52331585
0.50638132 0.47256081 0.50541777
0.50669049 0.47586598 0.48729544
0.50648105 0.47901445 0.48072507
0.50652191 0.47255592 0.50517712
0.50665612 0.47256514 0.50505088
0.50678340 0.47256081 0.50505365
0.50658981 0.51069320 0.47502389
0.50659827 0.51103792 0.47523408
0.50687526 0.47245143 0.50604238
0.50686618 0.47245267 0.50616126
0.50671800 0.51081022 0.47500693
0.50700400 0.47244632 0.50603411
0.50698226 0.47244808 0.50627292
0.50704720 0.47257474 0.50505505
0.50712285 0.47244352 0.50602995
0.50717201 0.47258415 0.50505492
0.50695329 0.50990260 0.47434001
0.50695739 0.51012432 0.47444648
0.50724098 0.47244336 0.50638695
0.50735270 0.47244645 0.50650729
0.50740859 0.47258857 0.50515742
0.50745280 0.47244447 0.50712178
0.50751406 0.47257692 0.50551429
0.50743669 0.47255928 0.50745811
0.50769863 0.47255247 0.50745931
0.50747031 0.48921637 0.47084502
0.50741263 0.49230557 0.47041458
0.50796953 0.47268617 0.50552178
0.50784323 0.47765518 0.51778128
0.50787415 0.47790085 0.51815127
0.50756602 0.48876670 0.47108372
0.50758910 0.48979036 0.47051084
0.50759574 0.49003656 0.47039251
0.50779863 0.50904066 0.47336722
0.50825036 0.52281510 0.49006989
0.50780355 0.49014535 0.47028037
0.50777793 0.49134899 0.47019694
0.50777178 0.49160648 0.47019811
0.50827965 0.47455615 0.51276393
0.50791025 0.48969258 0.47039111
0.50789232 0.49270085 0.47018438
0.50818060 0.50916488 0.47338428
0.50848011 0.52305277 0.49030934
0.50837246 0.47264014 0.50730104
0.50836413 0.47263363 0.50739723
0.50802725 0.48911660 0.47063320
0.50802077 0.49023734 0.47017536
0.50800853 0.49134701 0.47008174
0.50801048 0.49160482 0.47007721
0.50849759 0.47793031 0.51804242
0.50814548 0.48923708 0.47051455
0.50828307 0.49333503 0.47005635
0.50882507 0.52324788 0.49060511
0.50896081 0.47578434 0.48754238
0.50899707 0.51268535 0.47567826
0.50902848 0.52304023 0.49031032
0.50902806 0.52324870 0.49060723
0.50910658 0.51199141 0.47500306
0.50910423 0.51209886 0.47510697
0.50880059 0.49359476 0.46982214
0.50921136 0.51133320 0.47456514
0.50943011 0.52313027 0.49051380
0.50917568 0.49119183 0.46960400
0.50942591 0.48980443 0.46994014
0.50955332 0.49107786 0.46949375
0.50967855 0.49095990 0.46948994
0.50986289 0.49501855 0.46947116
0.51022103 0.49540166 0.46936807
0.51033574 0.49499720 0.46924450
0.51035179 0.49627793 0.46948522
0.51082139 0.52266527 0.49067373
0.51043525 0.49305111 0.46899688
0.51043070 0.49328525 0.46898857
0.51091660 0.52256549 0.49058125
0.51053167 0.49371191 0.46898281
0.51069590 0.49172578 0.46901123
0.51086182 0.49541517 0.46912881
0.51096953 0.49348867 0.46887965
0.51158936 0.49565371 0.46891715
0.51170846 0.49589056 0.46891370
0.51216758 0.47467813 0.49970885
0.51259124 0.49694495 0.46907585
0.51306787 0.49682044 0.46896370
0.51317288 0.49431559 0.46855921
0.51316904 0.49444323 0.46856758
0.51318359 0.49682936 0.46896380
0.51320293 0.49763278 0.46924056
0.51359518 0.47845394 0.48614984
0.51340690 0.49492660 0.46857080
0.51343564 0.49644499 0.46884447
0.51353294 0.49505345 0.46857731
0.51422656 0.47838516 0.48727396
0.51432363 0.47849320 0.48705322
0.51429232 0.47535658 0.50828122
0.51426992 0.47534456 0.50855146
0.51425648 0.47534157 0.50867249
0.51445075 0.47861615 0.48706302
0.51523190 0.47945127 0.48742699
0.51525111 0.47652451 0.50951979
0.51523135 0.48697799 0.46962979
0.51545436 0.48722858 0.46938395
0.51573050 0.48720736 0.46940801
0.51610452 0.49545127 0.46849212
0.51630270 0.47759141 0.50867324
0.51629971 0.47758870 0.50880023
0.51631644 0.47781243 0.50960781
0.51651348 0.48237331 0.48021602
0.51624365 0.49571494 0.46862480
0.51614867 0.48718353 0.46967458
0.51640983 0.48408896 0.47413708
0.51650667 0.49533079 0.46851289
0.51650801 0.49558584 0.46863802
0.51651781 0.48444157 0.47368206
0.51664111 0.49571348 0.46876064
0.51664551 0.48432194 0.47391497
0.51705824 0.48269925 0.48086940
0.51714281 0.48503239 0.47313145
0.51718431 0.48811683 0.46965192
0.51715319 0.49241396 0.46777598
0.51733656 0.49419655 0.46829489
0.51729740 0.49242816 0.46778893
0.51758112 0.49431745 0.46841644
0.51756445 0.49233184 0.46790817
0.51757796 0.49246882 0.46792116
0.51783730 0.49446403 0.46855527
0.51806143 0.49409502 0.46855329
0.51807653 0.49447786 0.46867757
0.51819111 0.49434512 0.46868763
0.51827988 0.48754212 0.47111816
0.51827865 0.48776214 0.47078193
0.51827894 0.48843424 0.47028467
0.51826335 0.49196449 0.46853864
0.51833314 0.49448633 0.46882826
0.51841003 0.48790042 0.47090293
0.51841195 0.48883415 0.47015547
0.51841589 0.49302096 0.46856214
0.51855052 0.48858096 0.47053405
0.51854176 0.48884118 0.47028815
0.51881423 0.49211823 0.46882910
0.51881888 0.49225508 0.46882809
0.51894316 0.49238118 0.46894544
0.51894300 0.49249453 0.46894818
0.51894089 0.49327523 0.46906576
0.51910309 0.48585446 0.47679749
0.51904932 0.49214469 0.46916514
0.51906738 0.49250583 0.46907083
0.51906839 0.49277467 0.46907461
0.51907490 0.49314896 0.46919248
0.51926221 0.48586201 0.47731507
0.51940137 0.48612246 0.47720706
0.51934779 0.48648236 0.47630843
0.51934629 0.49266354 0.46956803
0.51950811 0.48634850 0.47709310
0.52597972 0.50077803 0.48347523
0.52636582 0.50037435 0.48359284
0.52635990 0.50063376 0.48382477
0.52657614 0.50026631 0.48379574
0.52716608 0.49370332 0.48780579
0.52726048 0.49397018 0.48729199
0.52763079 0.49437393 0.48767116
0.52762484 0.49464521 0.48703636
0.52774870 0.49449837 0.48781719
0.52776885 0.49447868 0.48820563
0.52773789 0.49486777 0.48703734
0.52773945 0.49509694 0.48667406
0.52774173 0.49532415 0.48647044
0.52773662 0.49996992 0.48516950
0.52783464 0.49975742 0.48526953
0.52798685 0.49500801 0.48766133
0.52798395 0.49523063 0.48730329
0.52798011 0.49612943 0.48645850
0.52795459 0.49939430 0.48539287
0.52812158 0.49497734 0.48831979
0.52811009 0.49536748 0.48756937
0.52822660 0.49551009 0.48781383
0.52824036 0.49589613 0.48745905
0.52860062 0.49865977 0.48649303
0.52860257 0.49887308 0.48649915
0.52936615 0.49658190 0.49402620
0.52935706 0.49656094 0.49424128
0.52946335 0.49692165 0.49400186
0.52946602 0.49692354 0.49423861
0.52947943 0.49710898 0.49327321
0.52947952 0.49749346 0.49302995
