0.46801393 0.48660615 0.51659196
0.46827129 0.48720003 0.51812988
0.46846885 0.48568421 0.51678896
0.46874215 0.48674665 0.51836855
0.46897887 0.48674391 0.51862243
0.46897402 0.48726517 0.51890033
0.48507490 0.47801784 0.52697754
0.48531042 0.47777340 0.52699548
0.49319017 0.53525456 0.48887354
0.49517803 0.53547109 0.48639697
0.49520612 0.53575205 0.48689004
0.49525573 0.53604434 0.48738770
0.49568958 0.53600996 0.48669489
0.49545687 0.51442292 0.53145387
0.49589105 0.53545690 0.48564811
0.49589616 0.51531217 0.53104893
0.49640996 0.53596354 0.48593854
0.49613096 0.51596302 0.53056807
0.49629076 0.51486022 0.53142539
0.49938356 0.52578877 0.47235996
0.50744427 0.52324284 0.47030531
0.50884854 0.52557607 0.47214863
0.50908239 0.52558490 0.47216143
0.47202773 0.47653923 0.51518757
0.49354899 0.53788415 0.49544521
0.49349352 0.53782314 0.49641895
0.49399307 0.53742197 0.49243766
0.49407383 0.53792256 0.49395765
0.49449714 0.53694655 0.50302988
0.49443516 0.53740270 0.49140915
0.49450189 0.53742070 0.50117262
0.49455609 0.53838900 0.49632113
0.49470840 0.46797298 0.49995016
0.49504437 0.53645234 0.50597959
0.49496748 0.53790472 0.49197656
0.49495531 0.53831211 0.49833213
0.49549906 0.53747809 0.50299531
0.49552077 0.53840472 0.49298333
0.49589766 0.53788672 0.50213545
0.49601016 0.53841696 0.49206572
0.49697796 0.53887194 0.49253184
0.49697038 0.53891201 0.49348232
0.49725817 0.53640469 0.48589033
0.49765954 0.53705062 0.50801178
0.49807620 0.53659678 0.50989652
0.49811419 0.53704567 0.50847780
0.49798418 0.53843441 0.48934587
0.49839840 0.53477458 0.51208568
0.49855426 0.53705534 0.50850680
0.49889193 0.53841208 0.50173275
0.49897074 0.53891253 0.48946484
0.49893226 0.53894102 0.49877288
0.49912663 0.53592907 0.48352588
0.49923249 0.53694339 0.48500036
0.49939147 0.53842956 0.48749977
0.49940231 0.53893730 0.48900745
0.49945368 0.53894235 0.49928086
0.49977376 0.53484945 0.51244076
0.49975433 0.53695186 0.48455397
0.49989766 0.53939801 0.49092477
0.49992064 0.53941885 0.49139287
0.49992933 0.53941234 0.49188473
0.50036100 0.46751445 0.52354528
0.49990869 0.46897969 0.49020889
0.50018271 0.53004167 0.51761895
0.50029430 0.53390225 0.51377197
0.50036927 0.53942718 0.49238011
0.50041406 0.46846230 0.49125397
0.49994538 0.51359805 0.53313001
0.49996650 0.51512406 0.53217806
0.50082809 0.53292673 0.51481084
0.50062614 0.53601136 0.48267588
0.50085498 0.53839919 0.48600667
0.50086960 0.53938734 0.48894980
0.50047425 0.51460410 0.53265553
0.50150876 0.53843604 0.50321654
0.50126270 0.46895150 0.48878776
0.50106859 0.50740010 0.53562715
0.50158874 0.50788630 0.53565117
0.50154792 0.51156908 0.53468792
0.50219600 0.53554186 0.48116852
0.50224417 0.53605299 0.48171706
0.50236191 0.53753161 0.48372204
0.50239079 0.53947796 0.49191126
0.50241325 0.53946283 0.49289176
0.50207822 0.51019896 0.53521312
0.50191536 0.51356022 0.53364375
0.50304603 0.53845146 0.50317972
0.50291663 0.53947839 0.49192285
0.50296022 0.53946416 0.49291917
0.50253942 0.51063877 0.53519427
0.50326393 0.53294535 0.51479613
0.50346312 0.53754844 0.48331992
0.50303548 0.50880993 0.53568929
0.50366764 0.53464749 0.47972637
0.50397113 0.53757884 0.48333799
0.50398001 0.53853454 0.50125182
0.50350654 0.50927054 0.53566787
0.50422536 0.53513822 0.48024063
0.50464674 0.53374212 0.47880833
0.50472549 0.47421761 0.47973187
0.50514769 0.53375951 0.47881126
0.50490361 0.51407930 0.53374098
0.50568737 0.53376937 0.47880589
0.50571904 0.47420824 0.47924313
0.50652305 0.53854538 0.49150417
0.50656882 0.53852493 0.49498050
0.50615667 0.47326631 0.48062725
0.50592946 0.51669769 0.53175706
0.50593649 0.51758532 0.53088978
0.50588265 0.51854961 0.52991517
0.50642490 0.51758698 0.53092415
0.50693496 0.51759831 0.53094443
0.50691195 0.51857305 0.52997601
0.50798883 0.51858415 0.53002754
0.50793770 0.51904248 0.52956273
0.50788815 0.51948750 0.52909948
0.50950384 0.53755853 0.49097874
0.50947689 0.53757311 0.49147327
0.51103105 0.53663685 0.48800635
0.51136182 0.53581273 0.48439840
0.51141507 0.50931797 0.46527686
0.51144626 0.50983236 0.46527490
0.51219668 0.51380716 0.46574186
0.51289183 0.53529274 0.48719066
0.51255846 0.51240550 0.46530094
0.51291569 0.50883444 0.46480794
0.51292503 0.50935859 0.46479922
0.51443773 0.50736117 0.46436888
0.51444893 0.50884010 0.46433669
0.51462191 0.51487318 0.46531654
0.51538792 0.52750384 0.47386387
0.51544792 0.52796273 0.47433789
0.51633125 0.52756123 0.47433278
0.51684108 0.52758910 0.47482041
0.51921885 0.53215205 0.49684746
0.52333662 0.52860371 0.49217288
0.52403486 0.52925312 0.50370094
0.52478353 0.52856195 0.49710358
0.52528285 0.52806097 0.49661670
0.52583480 0.52749932 0.49608258
0.52558620 0.52820951 0.50188936
0.52607510 0.52289779 0.47947396
0.52634896 0.52696722 0.49555400
0.52681670 0.52649033 0.49601995
0.52702633 0.52623809 0.50455570
0.52770036 0.52563844 0.49784538
0.52822155 0.52471146 0.49509772
0.52814857 0.52516237 0.49986224
0.52811214 0.52519948 0.50162415
0.52864066 0.52426458 0.49552653
0.53094850 0.51968161 0.51099219
0.49458587 0.47109990 0.52834743
0.49452731 0.47340085 0.53061846
0.49557718 0.47118434 0.52942741
0.49545918 0.47234723 0.53052279
0.49960843 0.46777165 0.52531019
0.50061143 0.53912936 0.48824880
0.50250859 0.47110798 0.53439290
0.50340863 0.47217373 0.53537640
0.50374808 0.53823594 0.48441354
0.50373363 0.53920615 0.49023200
0.50382852 0.53923184 0.49523369
0.50450547 0.46898473 0.53235439
0.50433118 0.48219743 0.46983363
0.50532080 0.47003424 0.53425876
0.50544027 0.48420586 0.46775358
0.50562367 0.53828324 0.48443385
0.50643415 0.48226462 0.46879281
0.50667357 0.53826230 0.48624818
0.50711413 0.46994818 0.53419899
0.50736598 0.48320107 0.46782008
0.50791283 0.46578441 0.52152458
0.50790299 0.46581973 0.52435133
0.50795218 0.46993070 0.53420557
0.50833216 0.48315921 0.46780361
0.50777035 0.51498688 0.53350309
0.50873441 0.46581566 0.52438464
0.50872324 0.47184619 0.53524603
0.50927438 0.48313438 0.46783346
0.50879232 0.51503122 0.53354525
0.50983809 0.53726813 0.48817057
0.51023724 0.48313936 0.46785436
0.51002191 0.48684691 0.46595898
0.51048630 0.46580133 0.52343617
0.51097077 0.48587920 0.46598252
0.51072982 0.52059202 0.52810137
0.51103721 0.53299040 0.51470954
0.51181875 0.51600413 0.53268291
0.51248669 0.53651494 0.50579518
0.51248350 0.53649850 0.50669310
0.51233792 0.53653359 0.50837041
0.51271764 0.47079271 0.48299814
0.51218405 0.47372227 0.53615179
0.51281738 0.51787702 0.53086055
0.51372962 0.47083333 0.48295931
0.51312106 0.47372513 0.53615775
0.51373981 0.48877728 0.46598848
0.51379303 0.51788939 0.53085859
0.51375726 0.52057197 0.52817321
0.51422376 0.53558203 0.50489668
0.51415645 0.53569242 0.50742031
0.51476585 0.47086960 0.48295479
0.51553145 0.46695137 0.48895234
0.51562363 0.46787920 0.48707256
0.51568955 0.50660537 0.46411904
0.51570342 0.50861097 0.46412770
0.51562601 0.51225420 0.53648607
0.51663405 0.50573206 0.46415658
0.51687601 0.52919404 0.51843685
0.51764811 0.50964307 0.46415807
0.51747139 0.51143148 0.53639795
0.51762031 0.51513581 0.53353545
0.51770176 0.51636872 0.46494014
0.51791826 0.52055117 0.52804105
0.51829316 0.49600107 0.54024538
0.51823883 0.49794814 0.54024876
0.51860609 0.50573757 0.46414004
0.51855758 0.51415452 0.53447744
0.51858939 0.51512930 0.53350928
0.51864482 0.51607298 0.53256501
0.51884622 0.53111429 0.51176670
0.51930602 0.46412051 0.50021787
0.51918291 0.46409671 0.50307350
0.51899053 0.49211540 0.54021934
0.51907969 0.49312533 0.54024938
0.51929010 0.49787607 0.54026810
0.51963981 0.50969548 0.46420703
0.51992077 0.52048984 0.52799134
0.51992809 0.52818545 0.51647858
0.52034147 0.46412926 0.50017874
0.52021553 0.46409095 0.50397992
0.52007910 0.46505612 0.51507109
0.51991263 0.48903421 0.54015801
0.51993724 0.49219121 0.54019818
0.52023089 0.49791188 0.54024818
0.52025469 0.49889297 0.54024538
0.52022220 0.49996283 0.54020921
0.52050622 0.50581143 0.46414714
0.52053786 0.51317607 0.53445143
0.52084912 0.51965007 0.52883880
0.52127507 0.46417695 0.50114271
0.52119551 0.46409775 0.50394987
0.52155732 0.50674740 0.46421094
0.52164655 0.50873154 0.46428148
0.52155313 0.51229212 0.53437832
0.52175273 0.52912497 0.51189593
0.52162520 0.53006904 0.50920397
0.52205078 0.46507435 0.51416751
0.52200153 0.46598151 0.51775732
0.52256270 0.50294170 0.46519456
0.52282952 0.52062217 0.52585758
0.52272279 0.52905716 0.51012721
0.52308643 0.46504665 0.51319183
0.52301318 0.46596878 0.51682324
0.52402493 0.46599180 0.51591387
0.52485205 0.52617581 0.51377406
0.52501719 0.46974948 0.52525270
0.52573171 0.52447116 0.51621064
0.52579691 0.52795667 0.50256084
0.52573343 0.52799502 0.50428942
0.52596296 0.46511771 0.50858965
0.52597331 0.46511514 0.50954102
0.52714880 0.46884596 0.49249391
0.52731104 0.51626263 0.46610892
0.52773828 0.52247734 0.51616214
0.52822695 0.47171006 0.48701875
0.52871139 0.52234743 0.51438665
0.52889417 0.46697129 0.49898262
0.52923268 0.51631852 0.46717500
0.52942018 0.51717702 0.46909635
0.52977191 0.52122806 0.51256794
0.52974574 0.46978701 0.52247256
0.53006224 0.47268903 0.48692783
0.53046035 0.51312933 0.52656094
0.53014385 0.51553216 0.46726755
0.53085299 0.47169710 0.48970319
0.53112272 0.51060469 0.46721546
0.53114059 0.51153711 0.46722627
0.53136950 0.51225811 0.52652109
0.53112962 0.51255055 0.46727487
0.53137601 0.51305384 0.52564727
0.53147331 0.51723844 0.47495645
0.53159645 0.51859958 0.51157871
0.53175156 0.47167874 0.49149281
0.53181149 0.47270908 0.48872653
0.53230260 0.51218034 0.52554326
0.53213551 0.51263105 0.46829414
0.53223571 0.51454303 0.47113662
0.53235817 0.51545700 0.47310404
0.53252480 0.51636146 0.47607900
0.53280768 0.47372142 0.48863828
0.53377275 0.47183470 0.49524463
0.53424248 0.51272025 0.47408444
0.53425918 0.51370023 0.47603291
0.53427770 0.51374036 0.47701628
0.53576693 0.47384548 0.49518411
0.53611419 0.49623148 0.52830234
0.53607031 0.50847588 0.51795449
0.53614193 0.50930947 0.51599681
0.54063900 0.47594030 0.50161204
0.54272783 0.49771514 0.48259095
0.54358044 0.49402393 0.48333594
0.51938685 0.48379779 0.53958350
0.52345885 0.48182214 0.53950264
0.52378411 0.50163714 0.53945781
0.52556709 0.47616230 0.53562868
0.52566146 0.47794518 0.53742689
0.52580277 0.49969030 0.53944154
0.52769255 0.47979434 0.53728568
0.52766390 0.48564017 0.53941123
0.52758763 0.48759580 0.53947708
0.52761230 0.48970195 0.53951081
0.52766663 0.49183766 0.53953405
0.52778678 0.49572340 0.53944632
0.52985794 0.49765661 0.53740384
0.53285947 0.47032523 0.52017158
0.53321221 0.47222930 0.52593301
0.53319561 0.47426771 0.52987275
0.53326602 0.47630283 0.53182148
0.53367214 0.49582210 0.53346794
0.53507451 0.47228750 0.52411800
0.53526481 0.47824173 0.53182607
0.53557952 0.49394811 0.53157090
0.53706943 0.47441077 0.52789189
0.53722464 0.47827191 0.52982432
0.53744453 0.48596276 0.52967067
0.53894118 0.47242406 0.51643408
0.53908867 0.47446553 0.52216940
0.54102363 0.47465277 0.51452992
0.54102839 0.47465863 0.51649847
0.54106230 0.47655329 0.52220788
0.54111051 0.47847214 0.52402490
0.54479167 0.49308672 0.47346367
0.54479489 0.49323737 0.47535407
0.46553783 0.49055993 0.51094971
0.46553590 0.49065641 0.51063242
0.46553506 0.49068343 0.51083359
0.46554268 0.49148174 0.51125618
0.46553818 0.49158320 0.51115433
0.46568102 0.48999639 0.51069860
0.46567985 0.48999642 0.51082093
0.46579727 0.49272673 0.51197220
0.46579619 0.49284128 0.51186061
0.46568330 0.49479629 0.50513896
0.46571803 0.49501973 0.50829893
0.46572995 0.49505286 0.50850641
0.46591956 0.48906042 0.51114772
0.46591432 0.48955160 0.50973307
0.46578698 0.49455521 0.50470296
0.46578294 0.49514268 0.50482633
0.46617285 0.48900010 0.50949613
0.46603538 0.49210309 0.50458753
0.46603701 0.49613688 0.50541663
0.46614017 0.49095758 0.50493271
0.46613008 0.49108952 0.50471087
0.46611423 0.49196930 0.50416618
0.46638626 0.49285273 0.51420817
0.46649974 0.49340267 0.51399346
0.46646178 0.49106670 0.50367500
0.46679883 0.48873151 0.51524004
0.46678975 0.48904092 0.51538141
0.46678210 0.48917220 0.51538402
0.46677822 0.48930996 0.51538952
0.46662132 0.49820345 0.50559466
0.46662367 0.49821169 0.50582725
0.46695166 0.48827715 0.51535371
0.46692946 0.48903014 0.51578324
0.46693656 0.48932757 0.51593398
0.46693092 0.48947448 0.51594274
0.46690527 0.49017331 0.51581048
0.46671618 0.49141950 0.50230423
0.46670469 0.49153320 0.50220130
0.46708369 0.48801439 0.51547480
0.46708802 0.48816305 0.51574749
0.46708031 0.48845365 0.51589512
0.46706797 0.48875817 0.51603490
0.46705951 0.48919593 0.51619391
0.46682080 0.49769245 0.49968115
0.46722126 0.48775885 0.51559521
0.46704372 0.49793089 0.49853454
0.46741556 0.49125882 0.51695625
0.46755316 0.48865234 0.51703870
0.46753955 0.49063971 0.51731663
0.46754652 0.49088555 0.51732048
0.46766064 0.49090267 0.51756361
0.46766533 0.49112406 0.51756159
0.46766637 0.49163698 0.51744398
0.46777204 0.49077718 0.51778180
0.46759489 0.50068971 0.49864066
0.46771904 0.50068226 0.49790215
0.46819954 0.48799824 0.51813138
0.46815244 0.49137451 0.51855732
0.46788896 0.50234242 0.50567275
0.46786888 0.50242132 0.50494499
0.46787288 0.50242721 0.50506637
0.46788392 0.50243786 0.50532464
0.46827477 0.49171113 0.51881191
0.46799674 0.49622249 0.49550052
0.46799795 0.49681175 0.49527900
0.46792878 0.50047790 0.49738040
0.46845296 0.48789743 0.51849753
0.46813239 0.49712083 0.49505195
0.46812878 0.50283213 0.50002298
0.46869268 0.48767275 0.51873376
0.46824772 0.50294245 0.49925824
0.46848968 0.50319466 0.49890169
0.46924264 0.48984935 0.51977777
0.46898766 0.49859609 0.49439202
0.46936296 0.48898353 0.51974548
0.46936201 0.48973415 0.51988893
0.46935680 0.49064896 0.52004232
0.46934827 0.49076745 0.52004271
0.46949977 0.48821175 0.51972187
0.46963118 0.48780684 0.51971178
0.46942357 0.49128438 0.49423249
0.46954453 0.49089242 0.49436576
0.46954974 0.49117015 0.49398545
0.46954525 0.49129193 0.49386507
0.46985866 0.48898480 0.52027090
0.46966917 0.49155947 0.49326549
0.46980182 0.49113802 0.49327285
0.46979606 0.49128594 0.49314518
0.47001266 0.48608099 0.51914990
0.47008730 0.48823695 0.52023255
0.46994691 0.49111914 0.49289502
0.47008076 0.49086305 0.49276882
0.47018122 0.49124157 0.49218509
0.47015960 0.49169066 0.49194460
0.47014938 0.49184915 0.49194085
0.47027340 0.49168942 0.49173174
0.47053555 0.48825023 0.52057813
0.47046003 0.49023779 0.49278353
0.47040957 0.49111331 0.49175960
0.47039697 0.49126149 0.49164635
0.47035163 0.49224128 0.49152461
0.47069528 0.49170189 0.49097181
0.47083564 0.48365264 0.50115094
0.47098698 0.48338535 0.50113320
0.47094622 0.49182484 0.52197451
0.47113691 0.48274212 0.50167721
0.47103688 0.49144814 0.49052562
0.47117484 0.49066289 0.49068044
0.47145293 0.48521175 0.51986631
0.47146042 0.48549020 0.52002946
0.47130407 0.49053519 0.49056520
0.47129661 0.49122614 0.52219440
0.47128340 0.49092816 0.49030690
0.47144915 0.49025465 0.49072764
0.47148076 0.49362842 0.48941849
0.47180518 0.49224788 0.52293291
0.47303900 0.49007419 0.48849043
0.47303031 0.49020924 0.48836895
0.47314587 0.49047559 0.48798991
0.47321061 0.51315368 0.51573509
0.47321286 0.51324993 0.51563252
0.47320566 0.51337142 0.51530605
0.47321452 0.51337122 0.51541276
0.47355306 0.49018662 0.48776289
0.47353962 0.49032402 0.48764277
0.47359779 0.49207035 0.48659225
0.47378138 0.49044385 0.48727152
0.47369984 0.49377936 0.48675739
0.47389352 0.49060339 0.48702637
0.47381462 0.49207757 0.48639359
0.47403952 0.49030150 0.48717057
0.47400524 0.49059372 0.48691439
0.47414411 0.49044622 0.48692656
0.47408060 0.49113965 0.48644196
0.47425404 0.51390726 0.51784046
0.47426517 0.51400658 0.51773438
0.47454147 0.49144385 0.48585140
0.47437799 0.51411595 0.51785068
0.47467070 0.49114176 0.48586432
0.47473037 0.50701712 0.52718229
0.47473255 0.50737367 0.52706960
0.47447432 0.51505016 0.51663597
0.47446169 0.51527464 0.51596488
0.47494124 0.47841846 0.50344951
0.47481022 0.49083408 0.48599554
0.47480332 0.49098942 0.48586657
0.47485553 0.50691439 0.52742842
0.47485335 0.50758639 0.52708913
0.47484049 0.50768109 0.52698161
0.47464668 0.51346969 0.51941276
0.47460026 0.51516992 0.51676504
0.47498379 0.50655208 0.52768464
0.47498880 0.50667516 0.52768203
0.47498708 0.50702832 0.52756478
0.47496335 0.50758643 0.52720602
0.47495059 0.50768770 0.52709867
0.47494186 0.50777562 0.52700098
0.47501048 0.49126667 0.48552337
0.47523392 0.49110635 0.48542764
0.47543688 0.50781885 0.52746058
0.47535176 0.49340732 0.48477965
0.47535199 0.49352536 0.48478167
0.47555221 0.50520241 0.52857347
0.47556383 0.50861875 0.52681077
0.47572607 0.50759541 0.52796383
0.47567773 0.50840645 0.52713717
0.47579967 0.50498831 0.52870456
0.47580638 0.50522243 0.52871615
0.47580960 0.50544635 0.52872474
0.47582210 0.50615029 0.52851715
0.47583516 0.50747497 0.52807116
0.47580192 0.49122861 0.48487995
0.47604141 0.50523138 0.52884414
0.47604626 0.50535036 0.52884704
0.47604792 0.50545654 0.52884489
0.47604945 0.50949756 0.52638812
0.47604408 0.50960085 0.52628118
0.47601608 0.49109128 0.48479691
0.47599111 0.49137005 0.48466702
0.47600195 0.51503298 0.52030879
0.47601868 0.51541325 0.51984912
0.47614593 0.49094271 0.48481094
0.47627311 0.49079668 0.48482874
0.47631162 0.49165062 0.48432786
0.47652643 0.50603125 0.52886940
0.47641283 0.51492539 0.52127894
0.47643633 0.49124027 0.48435400
0.47669772 0.50954587 0.52686579
0.47705010 0.51623538 0.52057428
0.47777536 0.49426344 0.52825749
0.47903135 0.52511794 0.50971019
0.47913050 0.52557419 0.50872158
0.47923040 0.52518691 0.51035638
0.47932471 0.52676497 0.50463952
0.47976165 0.52471846 0.51378766
0.47960247 0.52696032 0.50547461
0.47987572 0.52485042 0.51378506
0.47962637 0.52709622 0.50288392
0.47969482 0.52716312 0.50503115
0.47972822 0.52729619 0.50290684
0.47972891 0.52730286 0.50300687
0.47975150 0.52733063 0.50319512
0.47982106 0.52738776 0.50247591
0.48003001 0.52757484 0.50195641
0.48003350 0.52769036 0.50227679
0.48002845 0.52768633 0.50246992
0.48003415 0.52769502 0.50267852
0.48002803 0.52769053 0.50291497
0.48056377 0.52699492 0.51027308
0.48033851 0.52804303 0.50419219
0.48066973 0.52708639 0.51027074
0.48084255 0.52378734 0.51628454
0.48074867 0.52718271 0.51016504
0.48095811 0.52389059 0.51629977
0.48093617 0.52735863 0.51008600
0.48135345 0.52426761 0.51631803
0.48115436 0.52746260 0.51023327
0.48111009 0.52754128 0.50989251
0.48115322 0.52857572 0.50230697
0.48180436 0.49701426 0.53066794
0.48170049 0.52451764 0.51642738
0.48188916 0.49739906 0.53077272
0.48175299 0.52419974 0.51678717
0.48209860 0.49752249 0.53087002
0.48230124 0.49903389 0.53102620
0.48243135 0.52309443 0.48764587
0.48245755 0.52456276 0.51700345
0.48243512 0.52476331 0.51681162
0.48234967 0.52520332 0.51601462
0.48253971 0.52319023 0.48754762
0.48287269 0.49765661 0.53112975
0.48266569 0.52456647 0.51710635
0.48249355 0.52901253 0.50822526
0.48262572 0.52903060 0.50860791
0.48272367 0.52912490 0.50850820
0.48353779 0.52160010 0.48421113
0.48354219 0.52255693 0.48504554
0.48366598 0.52371351 0.48595846
0.48355120 0.52911273 0.51028070
0.48365954 0.52922100 0.51016602
0.48402917 0.52395267 0.48555765
0.48403086 0.52406165 0.48567165
0.48426960 0.52039170 0.48189827
0.48427813 0.52062562 0.48199323
0.48399479 0.52943900 0.51005068
0.48438561 0.52028314 0.48168242
0.48449466 0.52462324 0.48567780
0.48462432 0.52440768 0.48516901
0.48438802 0.52881478 0.51203236
0.48477923 0.52002334 0.48103584
0.48475755 0.52432223 0.48492754
0.48490885 0.52015824 0.48091318
0.48486885 0.52442074 0.48491042
0.48486429 0.52451891 0.48502412
0.48504769 0.52060137 0.48103802
0.48514271 0.52016787 0.48065736
0.48515394 0.52045505 0.48079147
0.48468919 0.53097266 0.50576120
0.48526035 0.52017686 0.48053027
0.48498128 0.52935661 0.51172650
0.48537201 0.52019069 0.48042480
0.48510469 0.52899919 0.51255996
0.48509639 0.52935973 0.51183724
0.48547096 0.52020120 0.48033828
0.48506465 0.53130570 0.50503770
0.48553324 0.51858984 0.47988721
0.48565394 0.51858174 0.47976536
0.48545690 0.52910654 0.51266995
0.48555430 0.53154398 0.50552389
0.48589460 0.53154925 0.50648451
0.48652266 0.52287223 0.48142549
0.48630179 0.53037559 0.49100895
0.48628558 0.53050374 0.49128509
0.48671553 0.52297207 0.48133617
0.48632728 0.53191003 0.50607660
0.48723724 0.53170410 0.49131253
0.48724460 0.53181768 0.49176553
0.48747074 0.53118551 0.49022871
0.48747523 0.53131009 0.49038317
0.48759600 0.53143298 0.49039863
0.48809593 0.53258623 0.49181305
0.48854622 0.53292617 0.49170645
0.48928164 0.52388154 0.47977786
0.48954505 0.51904733 0.47652194
0.48989518 0.50301364 0.47496074
0.49021820 0.51413128 0.47488613
0.49033434 0.50454945 0.47455130
0.49038066 0.51947500 0.47601963
0.49053109 0.50041068 0.47486283
0.49092204 0.51619372 0.47463245
0.49098643 0.51078229 0.47362464
0.49098613 0.51089928 0.47362865
0.49132197 0.51641829 0.47442135
0.49148324 0.53531543 0.49185049
0.49149085 0.53544479 0.49228669
0.49172799 0.53532474 0.49143926
0.49175612 0.53547230 0.49172246
0.49823402 0.52460426 0.47245075
0.49846439 0.52540794 0.47257699
0.49845231 0.52564320 0.47270046
0.49874834 0.52427952 0.47217757
0.49872611 0.52505231 0.47230459
0.49883861 0.52527438 0.47231032
0.49906982 0.52561471 0.47230199
0.50101009 0.51984984 0.47061787
