0.51233128 0.51848324 0.52156191
0.51236849 0.51899544 0.52106032
0.51239141 0.51926104 0.52079805
0.51262204 0.51850264 0.52156178
0.51268411 0.51926165 0.52079674
0.51288675 0.51852272 0.52155329
0.51294893 0.51926634 0.52078740
0.51364368 0.51857386 0.52149749
0.51367415 0.51881064 0.52124443
0.51382233 0.51687712 0.52276465
0.51412393 0.51736488 0.52247650
0.51443372 0.51761758 0.52221706
0.51444538 0.51812227 0.52170306
0.51472380 0.51638923 0.52298848
0.51503184 0.51661982 0.52273633
0.51584964 0.51761162 0.52143802
0.52083089 0.52711090 0.50254176
0.52132887 0.52682090 0.50128356
0.52302181 0.51952897 0.51340234
0.52380137 0.51546302 0.51670452
0.52727904 0.48407171 0.52158343
0.52856458 0.50885885 0.51750436
0.53011504 0.50941038 0.51457526
0.53090830 0.50637148 0.51647734
0.53158499 0.50782015 0.51339222
0.53246615 0.50182008 0.51657113
0.51522816 0.50422689 0.53052894
0.51708734 0.49861940 0.53233174
0.51773470 0.50340013 0.53095270
0.51792090 0.48742646 0.52995085
0.51784225 0.48879756 0.53125179
0.51792373 0.49673411 0.53276719
0.51799564 0.49727510 0.53277617
0.51820374 0.50342067 0.53092311
0.51831481 0.49279352 0.53227972
0.51836162 0.49573027 0.53277165
0.51849033 0.49733652 0.53276263
0.51890228 0.48699033 0.52951458
0.51882425 0.49279053 0.53230485
0.51911032 0.50343470 0.53047266
0.51956367 0.52338187 0.51410706
0.51933919 0.49278877 0.53232217
0.51981738 0.48740846 0.52991885
0.51981934 0.48831488 0.53081745
0.51980160 0.48879170 0.53126992
0.52030749 0.48785163 0.53034378
0.52027367 0.48876445 0.53125570
0.52035804 0.49384661 0.53237116
0.52042015 0.49735042 0.53228936
0.52133678 0.48925745 0.53125869
0.52177956 0.52561484 0.50690882
0.52234443 0.52507002 0.50739508
0.52226813 0.52559801 0.50643044
0.52236839 0.52654196 0.50277402
0.52241432 0.48977510 0.53125996
0.52250798 0.49736097 0.53127738
0.52354486 0.49781966 0.53031126
0.52451764 0.48460775 0.52591937
0.52460387 0.49820088 0.52927497
0.52495863 0.48460885 0.52547783
0.52555475 0.48743617 0.52779541
0.52565723 0.49667327 0.52921055
0.52547253 0.49953870 0.52753379
0.52621862 0.48460680 0.52417308
0.52643174 0.48608968 0.52649378
0.52693512 0.49948584 0.52611605
0.52715752 0.48510072 0.52376087
0.52771188 0.48613490 0.52474678
0.52790628 0.49799932 0.52611146
0.52858213 0.48555664 0.52238109
0.52961117 0.48609316 0.52128854
0.52959229 0.48660391 0.52232923
0.53011090 0.48711615 0.52179404
0.53062747 0.48765026 0.52128535
0.53061523 0.48812454 0.52177402
0.53060417 0.48913340 0.52232292
0.53062269 0.48965843 0.52229583
0.53114297 0.48867155 0.52121224
0.53116833 0.48917542 0.52119606
0.52227477 0.49313047 0.53204414
0.52227191 0.49506872 0.53202601
0.52224697 0.49609326 0.53202002
0.52433903 0.49317852 0.53093757
0.52434368 0.49414538 0.53092630
0.52527454 0.49220671 0.52999460
0.52634017 0.49599818 0.52900371
0.52723324 0.49600293 0.52815527
0.52816377 0.49422803 0.52718766
0.52812428 0.49599606 0.52724762
0.48183490 0.50221924 0.52334886
0.48180589 0.50390475 0.52302331
0.48247109 0.50512839 0.52351413
0.48255059 0.50583265 0.52320465
0.48287900 0.50462135 0.52412262
0.48310781 0.50628122 0.52354434
0.48320817 0.50637168 0.52355042
0.48349805 0.50675221 0.52324570
0.48381878 0.49668864 0.52260120
0.48370605 0.50685885 0.52324427
0.48381989 0.50579964 0.52435368
0.48411654 0.50449899 0.52475062
0.48446139 0.49603070 0.52236439
0.48502064 0.49937907 0.51290892
0.48512184 0.49545846 0.51533079
0.48523372 0.49480986 0.51615195
0.48523307 0.49500710 0.51552266
0.48547067 0.49435075 0.51612858
0.48557705 0.49414795 0.51612083
0.48556641 0.49414368 0.51649163
0.48649450 0.50907861 0.50075482
0.48817777 0.49114469 0.51229398
0.48826755 0.49085671 0.51367985
0.48836569 0.49076911 0.51366742
0.48835788 0.49077363 0.51378682
0.48890999 0.49142419 0.51867103
0.48926963 0.51112396 0.49005570
0.48927161 0.51134450 0.48995433
0.48937396 0.51109359 0.48972393
0.49014372 0.51307526 0.48821712
0.49043294 0.50957653 0.48730908
0.49086055 0.51997412 0.49286839
0.49125869 0.51155205 0.48390651
0.49128831 0.51311702 0.48379229
0.49128102 0.48877650 0.50925413
0.49152445 0.51346940 0.48358255
0.49137383 0.48868841 0.50925970
0.49165794 0.51330225 0.48329577
0.49166058 0.52174313 0.49211081
0.49167067 0.52195039 0.49233854
0.49177201 0.51342637 0.48318587
0.49156973 0.48848571 0.50947529
0.49166966 0.48839144 0.50957327
0.49164951 0.48838675 0.51025817
0.49206113 0.51084147 0.48201475
0.49211686 0.49972542 0.48850137
0.49232012 0.51382803 0.48287161
0.49236683 0.52368737 0.49211156
0.49242718 0.51356484 0.48263457
0.49242480 0.51382920 0.48275677
0.49250488 0.52516029 0.49358444
0.49262188 0.52549967 0.49361120
0.49274202 0.52546846 0.49306807
0.49275540 0.52573086 0.49346790
0.49286927 0.52584372 0.49322438
0.49287813 0.52598828 0.49348278
0.49313060 0.52647516 0.49340104
0.49324118 0.52658841 0.49317080
0.49338496 0.52704990 0.49356712
0.49348512 0.52714310 0.49334310
0.49361520 0.52715234 0.49292262
0.49361621 0.52726553 0.49306833
0.49367422 0.52804779 0.49462028
0.49368828 0.52813317 0.49574030
0.49374186 0.52715915 0.49262142
0.49374307 0.52727852 0.49276995
0.49375153 0.52750368 0.49304863
0.49382604 0.52838844 0.49573955
0.49380566 0.52837992 0.49618662
0.49395133 0.52832855 0.49437604
0.49404352 0.52816979 0.49378538
0.49400612 0.52847018 0.49706608
0.49404525 0.52861214 0.49639219
0.49402926 0.52860573 0.49661507
0.49407884 0.52747926 0.49239925
0.49407705 0.52760000 0.49253968
0.49412077 0.52859215 0.49705918
0.49427497 0.52841169 0.49380023
0.49430270 0.52746276 0.49214388
0.49432721 0.52786006 0.49257048
0.49439857 0.52854255 0.49393571
0.49442474 0.52745046 0.49201829
0.49450983 0.52852894 0.49367900
0.49454248 0.52784818 0.49230573
0.49447419 0.48691068 0.51752542
0.49465638 0.52755811 0.49189925
0.49465199 0.52783662 0.49218265
0.49472305 0.52896152 0.49703978
0.49459609 0.48701774 0.51797555
0.49476361 0.52768464 0.49191217
0.49471162 0.48750479 0.51894313
0.49500130 0.52808620 0.49221331
0.49493809 0.48750716 0.51917728
0.49511660 0.52807962 0.49207357
0.49522064 0.52859600 0.49979805
0.49534215 0.52871810 0.49979642
0.49517051 0.48715576 0.51881719
0.49558324 0.52897816 0.49953607
0.49558034 0.52819928 0.49184635
0.49574118 0.52845387 0.49212533
0.49582233 0.52910397 0.49952988
0.49651621 0.49477826 0.48086833
0.49651191 0.49489014 0.48076449
0.49650791 0.49500199 0.48066436
0.49651859 0.49510964 0.48055283
0.49649932 0.52809017 0.49091055
0.49662900 0.49433330 0.48130456
0.49673776 0.49409867 0.48140283
0.49674264 0.52834541 0.49106523
0.49702148 0.49518193 0.48004489
0.49712832 0.49348994 0.48146976
0.49710303 0.52835807 0.49083359
0.49726113 0.49347259 0.48122493
0.49727555 0.49491497 0.47989489
0.49727207 0.49527793 0.47978382
0.49750150 0.49312539 0.48142754
0.49751419 0.49514167 0.47965273
0.49787614 0.49410413 0.47972952
0.49796237 0.49320993 0.48037829
0.49813366 0.52880381 0.49072591
0.49825807 0.52857246 0.49034401
0.49833949 0.49284102 0.48025267
0.49838890 0.52882327 0.49059157
0.49844245 0.49263037 0.48037074
0.49857406 0.49284684 0.47989596
0.49865352 0.49231520 0.48060755
0.49865599 0.49242275 0.48036204
0.49868324 0.49542568 0.47893818
0.49868926 0.49653460 0.47881982
0.49879925 0.53160296 0.49519613
0.49880078 0.53160439 0.49530495
0.49881367 0.49484154 0.47892992
0.49885579 0.49232207 0.48026904
0.49893636 0.49307422 0.47943216
0.49893008 0.49460215 0.47892471
0.49901501 0.53159626 0.49474867
0.49897760 0.49268395 0.47977288
0.49909870 0.49281751 0.47954238
0.49911657 0.49292799 0.47942458
0.49928473 0.50735410 0.47776611
0.49922370 0.51626429 0.47897367
0.49934307 0.49294339 0.47930339
0.49947458 0.51723890 0.47910462
0.49946673 0.51748809 0.47924202
0.49959355 0.53184300 0.49455046
0.49960726 0.53184635 0.49465745
0.49987142 0.53183340 0.49456654
0.49990973 0.51902402 0.47975104
0.50006849 0.49364033 0.47864297
0.50023411 0.53094577 0.50034658
0.50023535 0.49338646 0.47863695
0.50032126 0.49308255 0.47875039
0.50045065 0.51900511 0.47930853
0.50045745 0.49320309 0.47862949
0.50061462 0.51829072 0.47878913
0.50055397 0.51935352 0.47943786
0.50067044 0.51945143 0.47941530
0.50096204 0.50316032 0.47681143
0.50094290 0.50351436 0.47681833
0.50141637 0.48420094 0.52011947
0.50163281 0.50364447 0.47645407
0.50173434 0.53229401 0.49835726
0.50177331 0.49576660 0.47754596
0.50184574 0.49495599 0.47769076
0.50188864 0.48432809 0.52063844
0.50199183 0.52007103 0.47874105
0.50208711 0.52017656 0.47874964
0.50208428 0.52029580 0.47885745
0.50220452 0.50568411 0.47609521
0.50209889 0.52237516 0.48079160
0.50228799 0.50945921 0.47607217
0.50249525 0.49534368 0.47740020
0.50259072 0.52262855 0.48066390
0.50327764 0.52822340 0.48680924
0.50320488 0.52287855 0.48052939
0.50320977 0.52301663 0.48066471
0.50350579 0.52857096 0.48728639
0.50363145 0.49648623 0.47675345
0.50348066 0.52302936 0.48051706
0.50382913 0.50245986 0.47573457
0.50429225 0.50212959 0.47561787
0.50423672 0.48420596 0.52215397
0.50448805 0.48447738 0.52253431
0.50459880 0.52528955 0.48224661
0.50460755 0.48324453 0.52128512
0.50467842 0.50607240 0.47502770
0.50473278 0.52505075 0.48188158
0.50472868 0.48325765 0.52141963
0.50472598 0.48352598 0.52172500
0.50485863 0.52480658 0.48151605
0.50483301 0.48313714 0.52117813
0.50511247 0.52493757 0.48151084
0.50511270 0.52505785 0.48163818
0.50512207 0.52542116 0.48212282
0.50507087 0.48314193 0.52129769
0.50529434 0.50006263 0.47572139
0.50560114 0.52217594 0.47890345
0.50577393 0.49833311 0.47600251
0.50604629 0.52254163 0.47902865
0.50617591 0.48958923 0.47892806
0.50615283 0.48150785 0.48843724
0.50632109 0.48971764 0.47880309
0.50627207 0.52391377 0.48013203
0.50641012 0.48949557 0.47891986
0.50653486 0.48926908 0.47903831
0.50653145 0.52403903 0.48013955
0.50653161 0.52414694 0.48024277
0.50664951 0.49372256 0.47684967
0.50682275 0.49883216 0.47573258
0.50707044 0.52722939 0.48408271
0.50806497 0.49482913 0.47643623
0.50836393 0.49697686 0.47594723
0.50819014 0.52468506 0.51484928
0.50869346 0.51576315 0.47268802
0.50841937 0.52480202 0.51483792
0.50851592 0.52479961 0.51484535
0.50864131 0.52457236 0.51517259
0.50887884 0.52479167 0.51473724
0.50900313 0.47721833 0.49236139
0.50935944 0.51290394 0.47268717
0.50898883 0.52467344 0.51494639
0.50961976 0.52526449 0.48056917
0.50962275 0.52538229 0.48069076
0.50929482 0.47657933 0.50317493
0.50952741 0.47646230 0.50317702
0.50950843 0.47602803 0.49764678
0.50961995 0.47635290 0.50277607
0.51001068 0.52941953 0.49178294
0.50998659 0.51617669 0.47202070
0.50985827 0.47635814 0.50317578
0.51031452 0.52548695 0.48067887
0.50996781 0.47635863 0.50316995
0.50997327 0.47972083 0.48721611
0.50997028 0.47587012 0.49831628
0.51007467 0.47636348 0.50317555
0.51055244 0.52549867 0.48081110
0.51018929 0.47636868 0.50318148
0.51061322 0.53029232 0.49797409
0.51028180 0.47636530 0.50309857
0.51099727 0.51755459 0.47312653
0.51109326 0.51755173 0.47313047
0.51105908 0.47943330 0.48732783
0.51161748 0.52630299 0.48310635
0.51172705 0.52617939 0.48286344
0.51193854 0.52618405 0.48297402
0.51178171 0.47469476 0.49324157
0.51176143 0.47478496 0.49249020
0.51190124 0.47468926 0.49324173
0.51188379 0.47478444 0.49238506
0.51201058 0.47469160 0.49313708
0.51224079 0.47479339 0.49269821
0.51223825 0.47490247 0.49216901
0.51229382 0.47585521 0.49091042
0.51240156 0.47574515 0.49102734
0.51249007 0.47480127 0.49293213
0.51249886 0.47480557 0.49339453
0.51262669 0.47480918 0.49305003
0.51262936 0.47481149 0.49315605
0.51271960 0.47490352 0.49285511
0.51300238 0.48021270 0.48627952
0.51339225 0.52583001 0.48325153
0.51312243 0.48009756 0.48639414
0.51316546 0.47574619 0.49104714
0.51328529 0.47561217 0.49142354
0.51353229 0.51653867 0.47305202
0.51365091 0.51687266 0.47342809
0.51408743 0.49607240 0.47555654
0.51422142 0.50290286 0.47436484
0.51492048 0.52498864 0.48255293
0.51580762 0.52427591 0.48180049
0.51589697 0.52415202 0.48167383
0.51592881 0.48829990 0.47813115
0.51609176 0.48797474 0.47845381
0.51621585 0.52396579 0.48158021
0.51619316 0.48796585 0.47846195
0.51614049 0.48839749 0.47804551
0.51633903 0.49772119 0.47531377
0.51641436 0.52433770 0.48223239
0.51630088 0.48796016 0.47847428
0.51628802 0.48807298 0.47835941
0.51640400 0.48806934 0.47836995
0.51639753 0.48817197 0.47826644
0.51638079 0.48828408 0.47815283
0.51638242 0.48839574 0.47804954
0.51638180 0.48860033 0.47794961
0.51655459 0.49749427 0.47541715
0.51662884 0.48850397 0.47805850
0.51663372 0.48882002 0.47794824
0.51676390 0.48827708 0.47828154
0.51675124 0.48860254 0.47805941
0.51687406 0.48904277 0.47795934
0.51690537 0.48091143 0.48610485
0.51721224 0.49764134 0.47553698
0.51707962 0.48141995 0.48551419
0.51713828 0.51966149 0.47804209
0.51773271 0.52702428 0.49011989
0.51760931 0.49629655 0.47597018
0.51746924 0.52264977 0.48111169
0.51748132 0.52290404 0.48138239
0.51748079 0.52302598 0.48150745
0.51773831 0.49641862 0.47597367
0.51776540 0.49743180 0.47576631
0.51785876 0.49617344 0.47609310
0.51757549 0.48156849 0.52267380
0.51815986 0.52680179 0.49013516
0.51821631 0.52703060 0.49096966
0.51828525 0.52327523 0.48255247
0.51839206 0.52316895 0.48254925
0.51855908 0.52648857 0.49002233
0.51852259 0.48091413 0.48711514
0.51833291 0.48202031 0.52367839
0.51864619 0.48075993 0.48740645
0.51866123 0.48122295 0.48680954
0.51901556 0.52644557 0.49066748
0.51860628 0.48166732 0.52333304
0.51910234 0.52686396 0.49275495
0.51924818 0.52631917 0.49088359
0.51924990 0.52643083 0.49133643
0.51937295 0.52630645 0.49122171
0.51899788 0.48165247 0.52296032
0.51954681 0.50637308 0.47466911
0.51954678 0.50649307 0.47466615
0.51963678 0.48932943 0.47896872
0.51975143 0.52592842 0.49124261
0.51976888 0.52612503 0.49178669
0.51933851 0.48187891 0.52364284
0.51970885 0.48979961 0.47870911
0.51989157 0.52600094 0.49179938
0.52002074 0.52577321 0.49162181
0.52005166 0.48962894 0.47908138
0.52003854 0.48988688 0.47894437
0.52039199 0.51844935 0.47931217
0.52047643 0.51781644 0.47881846
0.52058939 0.51734258 0.47856917
0.52060104 0.51757197 0.47870075
0.52063672 0.51820918 0.47931497
0.52064629 0.51832555 0.47943597
0.52074531 0.51770713 0.47895853
0.52075592 0.51783721 0.47908682
0.52077145 0.51845238 0.47967793
0.52072145 0.49217301 0.47848955
0.52075293 0.50759421 0.47511647
0.52074925 0.50815234 0.47511514
0.52088955 0.51832135 0.47966807
0.52102070 0.51796576 0.47945605
0.52094580 0.49195384 0.47870508
0.52146003 0.50468223 0.47558206
0.52250710 0.49219427 0.47990973
0.52282100 0.51249564 0.47764606
0.52293216 0.51258639 0.47775055
0.52304326 0.51282656 0.47797458
0.52311647 0.50543363 0.47608135
0.52316038 0.51246042 0.47786208
0.52319342 0.51581465 0.47986566
0.52322298 0.50554915 0.47619792
0.52327559 0.51209889 0.47786162
0.52326367 0.51246732 0.47796481
0.52330570 0.51582152 0.47997174
0.52334316 0.51720348 0.48107653
0.52347207 0.51721367 0.48133730
0.52357842 0.51695977 0.48107965
0.52381188 0.51592301 0.48060508
0.52381273 0.51685622 0.48133766
0.52393939 0.51637337 0.48106872
0.52413496 0.51278636 0.47906891
0.52512191 0.50905752 0.47865977
0.52530368 0.52010996 0.49392054
0.52522562 0.49777695 0.47966247
0.52526201 0.50083675 0.47845202
0.52536794 0.49804551 0.47967575
0.52536484 0.50063652 0.47856322
0.52581488 0.51973610 0.49478298
0.52590228 0.48300270 0.49003001
0.52585755 0.49933171 0.47963451
0.52614697 0.51918031 0.49476699
0.52690195 0.51316943 0.48320068
0.52692015 0.51351279 0.48369359
0.52703451 0.51061683 0.48115885
0.52700980 0.51307767 0.48330973
0.52740645 0.48386683 0.49020931
0.52766615 0.51281820 0.48451029
0.52778057 0.51694831 0.50155964
0.52788799 0.51297897 0.48572646
0.52777441 0.48186266 0.49414609
0.52800270 0.50849469 0.48102464
0.52811589 0.51010641 0.48214531
0.52812021 0.51042471 0.48244834
0.52825501 0.51140622 0.48406234
0.52832783 0.50965459 0.48211829
0.52850833 0.51400374 0.49166615
0.52852165 0.50978991 0.48267513
0.52863047 0.50955029 0.48266276
0.52868213 0.51382191 0.49200856
0.52830534 0.48036670 0.50699004
0.52875664 0.50966462 0.48313190
0.52879274 0.51369479 0.49232500
0.52890716 0.51504147 0.50413223
0.52888809 0.51505316 0.50438151
0.52891976 0.51422754 0.49580046
0.52900579 0.51484131 0.50445687
0.52873799 0.48244352 0.49415280
0.52880452 0.48822881 0.48823040
0.52922708 0.51425612 0.49872562
0.52923031 0.51426120 0.49900996
0.52888285 0.48048727 0.50685475
0.52944834 0.50917008 0.48467311
0.52947917 0.51368708 0.49811348
0.52900212 0.48050840 0.50632077
0.52900322 0.48050195 0.50646009
0.52913522 0.48064326 0.50603141
0.52966123 0.48101787 0.50606657
0.52967083 0.48101738 0.50616973
0.53004681 0.51036979 0.48952751
0.52972656 0.48259232 0.49606484
0.53017168 0.50485299 0.48259115
0.53030189 0.51239268 0.50316230
0.53029863 0.51239248 0.50373206
0.52982184 0.48311582 0.49414967
0.53030218 0.50571117 0.48251380
0.53037725 0.51147048 0.50998509
0.53038617 0.51155605 0.50978245
0.53043148 0.50583239 0.48289001
0.53047757 0.50974365 0.49019805
0.53028600 0.48190745 0.50866419
0.53067650 0.50477796 0.48314863
0.53061227 0.50921592 0.48959202
0.53060348 0.50933714 0.48982777
0.53060117 0.50946426 0.49019232
0.53030335 0.48370374 0.49315778
0.53077790 0.50936361 0.49158848
0.53034004 0.48343301 0.49446729
0.53085104 0.50876029 0.48972282
0.53067155 0.48174352 0.50719215
0.53066855 0.48173587 0.50729684
0.53063512 0.48458717 0.49231117
0.53067503 0.48483581 0.49208438
0.53097259 0.50493197 0.48352855
0.53078685 0.48197337 0.50739281
0.53066387 0.48418955 0.49287376
0.53108464 0.50719844 0.48789541
0.53077243 0.48430358 0.49285719
0.53104840 0.49247585 0.48828887
0.53111732 0.49352480 0.48790036
0.53115277 0.50429072 0.48400677
0.53115892 0.50465798 0.48414661
0.53092074 0.48457139 0.49262145
0.53103519 0.48469508 0.49260094
0.53105938 0.48483327 0.49247809
0.53106087 0.48508076 0.49225238
0.53120075 0.49117581 0.48908760
0.53140964 0.50606813 0.48800885
0.53141566 0.50618200 0.48823910
0.53158965 0.50947949 0.50095143
0.53158346 0.50957656 0.50126061
0.53159320 0.50958649 0.50145628
0.53135410 0.48405866 0.50936400
0.53108070 0.48441263 0.49325488
0.53115951 0.48516670 0.49234313
0.53131738 0.49117702 0.48920612
0.53169242 0.50930755 0.50163438
0.53118945 0.48429189 0.49374063
0.53132546 0.48429567 0.49410817
0.53161058 0.48459655 0.50908219
0.53131266 0.48440410 0.49374860
0.53133145 0.48492340 0.49286732
0.53143945 0.48428714 0.49446442
0.53144613 0.48440781 0.49411253
0.53143066 0.48452233 0.49375374
0.53157816 0.48453262 0.49411771
0.53157083 0.48464010 0.49387256
0.53158210 0.48479056 0.49360846
0.53158734 0.48505794 0.49323079
0.53171689 0.48866494 0.49094997
0.53170700 0.48453831 0.49445885
0.53171344 0.48477337 0.49400010
0.53171462 0.48504414 0.49360169
0.53221637 0.50371719 0.49325368
0.53183971 0.48502946 0.49397008
0.53194056 0.48499232 0.49445501
0.53194616 0.48511592 0.49420033
0.53222126 0.48428773 0.50266322
0.53223324 0.48430339 0.50300124
0.53209805 0.48501784 0.49518477
0.53208643 0.48512080 0.49483538
0.53236312 0.48488991 0.49832845
0.53250173 0.49007930 0.49097956
0.53263262 0.48505016 0.50365622
0.53247018 0.48501335 0.49853496
0.53247445 0.48500898 0.49863564
0.53287598 0.48564587 0.50353730
0.53301768 0.48587301 0.50305892
0.53296777 0.49050081 0.49129395
0.53297630 0.49072155 0.49120111
0.53307171 0.48570527 0.50114147
0.53307904 0.48571465 0.50124635
0.53308122 0.48571937 0.50135293
0.53290814 0.48565970 0.49825540
0.53305843 0.49000964 0.49187663
0.53303421 0.48591130 0.49823958
0.53305924 0.48602770 0.49803180
0.53319281 0.49016315 0.49201224
0.53325296 0.49148590 0.49125514
0.53330931 0.49017165 0.49224609
0.53336657 0.49161442 0.49137370
0.53349837 0.49163210 0.49163135
0.53349440 0.49189098 0.49151654
0.53359030 0.48702106 0.49844749
0.53385557 0.49218584 0.49232165
0.53401361 0.48794421 0.49887051
0.53403743 0.49050124 0.49349993
0.53412386 0.49339997 0.49401943
0.53425843 0.49349795 0.50455127
0.53415335 0.49099954 0.49328734
0.53417565 0.49161045 0.49331354
0.53418275 0.49215088 0.49334463
0.53418773 0.49241217 0.49347819
0.53426891 0.48859935 0.49867236
0.53428245 0.48860036 0.49902725
0.53424385 0.49055111 0.49445755
0.53427435 0.49102894 0.49382770
0.53427692 0.49114492 0.49374515
0.53428984 0.49153887 0.49366185
0.53429541 0.49164180 0.49367334
0.53438955 0.48896048 0.49818997
0.53440000 0.48899801 0.49853861
0.53439922 0.48907689 0.49808105
0.53437627 0.49121338 0.49425078
0.53439339 0.49145745 0.49417210
0.53439883 0.49159294 0.49418451
0.53462673 0.49057913 0.50189336
0.53466895 0.49297816 0.50158538
0.53467298 0.49321442 0.50168548
0.53467669 0.49320234 0.50179408
0.53467572 0.49330804 0.50189118
