0.922484830729   0.243217643229   0.852182942708   
0.928019335937   0.244754215495   0.868524869792   
0.926117513021   0.250298974609   0.881035091146   
0.921087239583   0.241464860026   0.868978841146   
0.926291210937   0.248154817708   0.881158333333   
0.924794075521   0.243378352865   0.865077408854   
0.931820052083   0.266657226563   0.895175065104   
0.929915559896   0.24876266276   0.866478255208   
0.928151627604   0.255502522786   0.885972786458   
0.928191536458   0.250551106771   0.877433463542   
0.919061914063   0.243464274089   0.861264973958   
0.920931184896   0.249128710937   0.863477864583   
0.926439648437   0.254653092448   0.8648328125   
0.922688867187   0.252979443359   0.861302408854   
0.926381835938   0.256241943359   0.868198111979   
0.922586848958   0.254314078776   0.868441276042   
0.922810611979   0.252657942708   0.865108463542   
0.920893294271   0.252703694661   0.865151041667   
0.926131315104   0.252527978516   0.873787955729   
0.928168033854   0.252445735677   0.875622721354   
0.919025976562   0.243649527995   0.865145638021   
0.919062434896   0.247262630208   0.86136640625   
0.931757877604   0.26847734375   0.895091471354   
0.929775585937   0.266728808594   0.897139973958   
0.922820638021   0.245254752604   0.866909114583   
0.924648893229   0.245117757161   0.865135872396   
0.921219010417   0.24174046224   0.864982356771   
0.918868229167   0.241566178385   0.867130013021   
0.926248242187   0.252081119792   0.882643554687   
0.925938932292   0.255589388021   0.886096289062   
0.926067773438   0.261354996745   0.895287565104   
0.925730338542   0.279327539062   0.902609895833   
0.920575976562   0.268589729818   0.902803580729   
0.9134203125   0.279543977865   0.898866992187   
0.920698958333   0.275732096354   0.898796875   
0.915487825521   0.275626529948   0.900669856771   
0.925600065104   0.274014127604   0.896871354167   
0.922275130208   0.268761669922   0.897004427083   
0.920545117187   0.270522347005   0.902759635417   
0.927750130208   0.270114469401   0.898862695312   
0.915530208333   0.272198258464   0.898782226562   
0.920651757812   0.272255777995   0.895250651042   
0.920745898437   0.282617578125   0.902569596354   
0.916967773437   0.28267327474   0.900733333333   
0.918746419271   0.247121305339   0.872173502604   
0.922364648437   0.25107750651   0.871994986979   
0.918747135417   0.252862711589   0.863261979167   
0.920811783854   0.284557486979   0.900423111979   
0.915406380208   0.281188053385   0.898842578125   
0.920500846354   0.266914257812   0.901048307292   
0.926308072917   0.255978190104   0.871800325521   
0.919037434896   0.24535843099   0.868773307292   
0.927963802083   0.255837060547   0.880661848958   
0.922588867187   0.249025895182   0.870138541667   
0.926047265625   0.249000976562   0.870229947917   
0.924271614583   0.254259423828   0.870015169271   
0.922735742187   0.254647412109   0.864970572917   
0.924536653646   0.254572167969   0.864924283854   
0.924243945312   0.252542203776   0.870055078125   
0.920955989583   0.247236214193   0.863522265625   
0.9256328125   0.277738867187   0.898710221354   
0.923990299479   0.281124446615   0.898603841146   
0.9222859375   0.279422265625   0.894989388021   
0.920786197917   0.282929199219   0.896611588542   
0.922371614583   0.284789453125   0.89653828125   
0.922158398437   0.277644726562   0.896791861979   
0.917288802083   0.281045865885   0.898771289062   
0.915214973958   0.272224625651   0.889097981771   
0.924223372396   0.252609521484   0.873819791667   
0.920588216146   0.279386490885   0.896783203125   
0.927919075521   0.257822786458   0.8805   
0.915059179687   0.270286230469   0.89116875   
0.911374348958   0.277527083333   0.890889518229   
0.911343554687   0.275742871094   0.8947859375   
0.916680338542   0.270618636068   0.882087304687   
0.915162955729   0.272231363932   0.887270377604   
0.923965104167   0.261439192708   0.889761458333   
0.922160742187   0.265333610026   0.879067838542   
0.922455989583   0.267164892578   0.877313671875   
0.913082682292   0.272610026042   0.878703841146   
0.923934830729   0.263431901042   0.883784895833   
0.920410221354   0.268703499349   0.884103710937   
0.914992382812   0.2702859375   0.8891109375   
0.924077473958   0.255982568359   0.875685611979   
0.918708268229   0.249039811198   0.870505143229   
0.916988151042   0.247302636719   0.866997135417   
0.916927539062   0.247267643229   0.863402278646   
0.916719791667   0.243452034505   0.868928645833   
0.914800585938   0.263091503906   0.900862174479   
0.916723046875   0.263025569661   0.901018489583   
0.894276236979   0.27008219401   0.89493359375   
0.916748111979   0.24146336263   0.865272460937   
0.914980533854   0.257384375   0.904391015625   
0.916761914062   0.241330501302   0.867108984375   
0.916803710938   0.246084635417   0.900700976562   
0.918702604167   0.237233121745   0.867205403646   
0.925873046875   0.255453759766   0.890078320312   
0.916526627604   0.238997916667   0.863099804688   
0.918690039062   0.241258154297   0.855487044271   
0.9203921875   0.239101529948   0.853803515625   
0.9163375   0.238952636719   0.853548046875   
0.916399804687   0.247035611979   0.850032682292   
0.920237304687   0.245336376953   0.850017513021   
0.918721549479   0.243443896484   0.855537695312   
0.9206140625   0.243289908854   0.857454492187   
0.916469270833   0.249019108073   0.852018098958   
0.918581380208   0.249037906901   0.855488411458   
0.918686458333   0.250899104818   0.855425651042   
0.916424414062   0.249090625   0.849973177083   
0.89810546875   0.274269986979   0.885418229167   
0.910272265625   0.247123063151   0.855574283854   
0.912399869792   0.245543359375   0.85911953125   
0.894128320312   0.270528027344   0.883809049479   
0.903339583333   0.272715494792   0.876721223958   
0.907454036458   0.279410188802   0.888716276042   
0.912361588542   0.245466210937   0.857142317708   
0.914569466146   0.25073671875   0.855393098958   
0.9000484375   0.275877278646   0.886967513021   
0.910278710937   0.245374414062   0.855338606771   
0.914343098958   0.245291276042   0.853546158854   
0.912343880208   0.238905322266   0.858930729167   
0.912213867187   0.243195914714   0.85343203125   
0.905091601563   0.237698714193   0.862762434896   
0.907092513021   0.237443440755   0.86277109375   
0.914313736979   0.238913020833   0.861126106771   
0.897840104167   0.260912679036   0.900601757812   
0.896356705729   0.266250032552   0.904269075521   
0.907105859375   0.237486165365   0.864730859375   
0.909122005208   0.237329313151   0.864834375   
0.90684140625   0.239459472656   0.86288359375   
0.923793164062   0.261605143229   0.883773046875   
0.909052408854   0.255386507161   0.9023640625   
0.890704557292   0.264551139323   0.90084453125   
0.907221289062   0.257184781901   0.902450976562   
0.903539127604   0.26071101888   0.910000585937   
0.905354557292   0.258915494792   0.9007625   
0.906990690104   0.255185611979   0.908385221354   
0.91098359375   0.242981477865   0.885134570312   
0.916328971354   0.250075244141   0.884791341146   
0.905075585937   0.251352408854   0.9006203125   
0.908599739583   0.248111507161   0.898614973958   
0.903406380208   0.247875520833   0.897150911458   
0.896221549479   0.245945247396   0.910073046875   
0.889389388021   0.246548046875   0.886792252604   
0.900885611979   0.254924723307   0.902927148437   
0.899078710938   0.251404980469   0.908244661458   
0.914612760417   0.246399755859   0.895328190104   
0.896438346354   0.241046451823   0.897634895833   
0.892532096354   0.256551285807   0.906469791667   
0.894491536458   0.255273779297   0.895481575521   
0.900076888021   0.238806673177   0.895869921875   
0.904631510417   0.247878255208   0.904242903646   
0.900064322917   0.275577799479   0.891111002604   
0.897978059896   0.242785335286   0.901087955729   
0.903506380208   0.244932861328   0.886695442708   
0.897953125   0.238788151042   0.893935611979   
0.890575520833   0.242792041016   0.894198372396   
0.889277994792   0.251759505208   0.89189453125   
0.885745572917   0.249454931641   0.9029734375   
0.912354557292   0.24227898763   0.895372330729   
0.914366210937   0.237081233724   0.892324674479   
0.912452278646   0.242263639323   0.897070507812   
0.916070898438   0.244537174479   0.888342513021   
0.887083007812   0.242767643229   0.882884179687   
0.89969140625   0.242643652344   0.899261002604   
0.910722981771   0.249906966146   0.902460416667   
0.902967513021   0.251328483073   0.900674934896   
0.910980989583   0.244774348958   0.881727278646   
0.914412760417   0.244659163411   0.886604036458   
0.914430273437   0.247855240885   0.891903255208   
0.914317122396   0.246264664714   0.891808203125   
0.912693945312   0.24110304362   0.888608072917   
0.908883398437   0.251654036458   0.906445768229   
0.90717421875   0.242637825521   0.895522916667   
0.904878971354   0.255107910156   0.910209570312   
0.906972330729   0.257219319661   0.906436848958   
0.912700585938   0.240386116536   0.900938997396   
0.909360807292   0.233836897786   0.870276497396   
0.916499414062   0.242483740234   0.897404296875   
0.903150260417   0.258776123047   0.906294335937   
0.918410807292   0.249897395833   0.897201367187   
0.90738359375   0.235836572266   0.870278255208   
0.90133125   0.256577832031   0.910081054688   
0.904839322917   0.255324007161   0.906541731771   
0.897753125   0.256715950521   0.900704882812   
0.885453059896   0.255438867187   0.900926692708   
0.902889973958   0.255181217448   0.908326953125   
0.916687304687   0.251816080729   0.902396875   
0.8852453125   0.255353857422   0.899019335938   
0.91641328125   0.251596630859   0.893548046875   
0.901485611979   0.246354345703   0.893739257812   
0.887544791667   0.249574804687   0.899072395833   
0.892843098958   0.256699202474   0.90083984375   
0.894774609375   0.247920947266   0.908129557292   
0.901100390625   0.256764599609   0.906288216146   
0.899676692708   0.246436539714   0.892026302083   
0.889217708333   0.251534521484   0.910280924479   
0.900954427083   0.253279703776   0.910360872396   
0.892871419271   0.244465901693   0.904922395833   
0.900952278646   0.247770654297   0.908470442708   
0.893011523438   0.247867985026   0.895528450521   
0.891361523437   0.249867822266   0.890236914062   
0.903319205729   0.248140625   0.892015234375   
0.891154557292   0.249669466146   0.901274088542   
0.885752083333   0.249527050781   0.905047916667   
0.899611458333   0.249850764974   0.891893489583   
0.891276627604   0.251435758464   0.901219921875   
0.906558203125   0.248015071615   0.904141731771   
0.900852864583   0.249720589193   0.908425130208   
0.897926171875   0.260111067708   0.909744270833   
0.889336653646   0.246333268229   0.892409765625   
0.887504166667   0.250335221354   0.888546549479   
0.918370117187   0.248088476562   0.892032291667   
0.905551041667   0.235817903646   0.86862578125   
0.918492708333   0.244696402995   0.895645052083   
0.893053971354   0.2477484375   0.908215559896   
0.89808828125   0.242877360026   0.888596028646   
0.889497851562   0.248444140625   0.888673307292   
0.896090494792   0.25449070638   0.910023242187   
0.899936523437   0.275473828125   0.893104036458   
0.903438541667   0.27735546875   0.892893033854   
0.914529361979   0.259152050781   0.897340299479   
0.892706380208   0.264571110026   0.898815755208   
0.907200325521   0.237579296875   0.866751627604   
0.896286914063   0.260847639974   0.9024203125   
0.911168359375   0.255348063151   0.902358919271   
0.9164875   0.251766422526   0.897251236979   
0.916717382812   0.255523160807   0.902304557292   
0.914886914062   0.253671451823   0.902276041667   
0.885246614583   0.249725895182   0.893730859375   
0.916494205729   0.257158203125   0.899262760417   
0.914588671875   0.255318294271   0.897390364583   
0.91303125   0.251704264323   0.904286393229   
0.895979622396   0.262235270182   0.907847460937   
0.887280794271   0.253645735677   0.893445052083   
0.896274674479   0.273759602865   0.891219726562   
0.900068229167   0.271701578776   0.909969335937   
0.901856510417   0.271702669271   0.909990169271   
0.892572330729   0.254328255208   0.871677929688   
0.8946984375   0.255469889323   0.889652148437   
0.896255338542   0.242706608073   0.901218294271   
0.907279231771   0.26103141276   0.904595442708   
0.899806835937   0.238636263021   0.900948893229   
0.916161523437   0.257738753255   0.887720247396   
0.905293880208   0.286920279948   0.893016992187   
0.907389322917   0.286743717448   0.892964583333   
0.905603450521   0.28327483724   0.893056770833   
0.910790690104   0.271375569661   0.873523046875   
0.907167578125   0.272820247396   0.873293294271   
0.903226822917   0.2567703125   0.864534309896   
0.912495572917   0.256983414714   0.863026302083   
0.901587955729   0.285155045573   0.898526888021   
0.897834179687   0.281420279948   0.894882356771   
0.901058398437   0.254911165365   0.864641992187   
0.906702994792   0.265320100911   0.867830143229   
0.910383268229   0.258638639323   0.862843554687   
0.912233203125   0.255115152995   0.857636002604   
0.899715885417   0.283327636719   0.896706705729   
0.899615169271   0.285306608073   0.896640950521   
0.903395117187   0.287037304687   0.896831445312   
0.901917838542   0.28144860026   0.904203580729   
0.903949023437   0.27939749349   0.904179166667   
0.901943554687   0.283482389323   0.904193684896   
0.907174934896   0.288926822917   0.895321744792   
0.897651367187   0.285495735677   0.894737174479   
0.89197109375   0.283599186198   0.900042903646   
0.892132161458   0.283683984375   0.903914583333   
0.895883528646   0.283475423177   0.896644726562   
0.894203841146   0.283632584635   0.901989713542   
0.910527669271   0.260365673828   0.86437421875   
0.895947265625   0.281537272135   0.900037044271   
0.892187760417   0.279516796875   0.8984515625   
0.891910416667   0.279532356771   0.894834375   
0.88303203125   0.263457828776   0.889200260417   
0.884775195312   0.267074072266   0.894872395833   
0.8846984375   0.267010823568   0.896719205729   
0.888133789063   0.277662695312   0.904139453125   
0.893925260417   0.277514192708   0.908381901042   
0.901812434896   0.285430924479   0.9062   
0.898028190104   0.279488704427   0.906236067708   
0.903922526042   0.279505078125   0.908470898437   
0.900213476562   0.274090625   0.914295963542   
0.900192252604   0.277457226562   0.912607942708   
0.886635872396   0.266307259115   0.914142252604   
0.890168489583   0.270312858073   0.914023046875   
0.894212109375   0.273763769531   0.912189908854   
0.894133463542   0.272207535807   0.916032486979   
0.897986848958   0.266387141927   0.915935546875   
0.903905078125   0.270405598958   0.91596875   
0.896086588542   0.272090641276   0.913883072917   
0.896207617187   0.273730143229   0.912184635417   
0.902057226562   0.270316341146   0.913889778646   
0.90009453125   0.266384619141   0.913637825521   
0.900096158854   0.264453678385   0.913859179687   
0.898205729167   0.275229459635   0.90840390625   
0.905319596354   0.275466048177   0.890799023437   
0.894328255208   0.270126741536   0.909697200521   
0.90897734375   0.255265380859   0.893374869792   
0.908983723958   0.270677197266   0.878882096354   
0.894480924479   0.238855924479   0.886945052083   
0.901806119792   0.273456901042   0.908248177083   
0.902033854167   0.268347998047   0.911697916667   
0.889304622396   0.244678222656   0.884801757812   
0.905564388021   0.269731054687   0.904569856771   
0.907303515625   0.259312939453   0.910265494792   
0.903754296875   0.275322460937   0.908426236979   
0.905652473958   0.269737011719   0.906436653646   
0.909321028646   0.259490511068   0.908492578125   
0.900088932292   0.266487093099   0.91173515625   
0.884754882813   0.268433870443   0.904434309896   
0.888411914062   0.273727669271   0.9102296875   
0.886531119792   0.268248209635   0.912003125   
0.883100325521   0.262762044271   0.908226367187   
0.882881380208   0.264622428385   0.906338216146   
0.890279361979   0.266213378906   0.904522330729   
0.892256445312   0.268113509115   0.906387434896   
0.884871809896   0.266509944661   0.902650976562   
0.888505794271   0.266175113932   0.911864583333   
0.886992838542   0.266433365885   0.9081453125   
0.888605078125   0.27165851237   0.906197330729   
0.887014778646   0.264662646484   0.908094140625   
0.886816992187   0.268221679687   0.904491341146   
0.886797721354   0.262875651042   0.902663736979   
0.886662044271   0.270003710937   0.90630546875   
0.891940299479   0.264175179036   0.9081015625   
0.894124934896   0.266177050781   0.911672721354   
0.883291796875   0.253628466797   0.898840169271   
0.883161914062   0.259103531901   0.9028671875   
0.881185807292   0.253697607422   0.900665820312   
0.881502604167   0.255381282552   0.908579947917   
0.883272851562   0.260776513672   0.908305924479   
0.883344726563   0.258907877604   0.91026640625   
0.889113216146   0.258600032552   0.908624479167   
0.887317317708   0.258609391276   0.910508528646   
0.889029361979   0.256874479167   0.914075455729   
0.887637955729   0.256948763021   0.912248372396   
0.895801432292   0.258276253255   0.912112174479   
0.887287434896   0.253527392578   0.912355143229   
0.897882877604   0.249441194661   0.912167122396   
0.886848046875   0.242253515625   0.895875390625   
0.885007877604   0.242319580078   0.892659179687   
0.899295898437   0.245836002604   0.910579296875   
0.890460742187   0.240432991536   0.903174153646   
0.881478125   0.251525520833   0.904682552083   
0.881144921875   0.249592301432   0.898804882813   
0.893789713542   0.23532594401   0.879758658854   
0.903059830729   0.242077783203   0.906650195312   
0.895693359375   0.235480680339   0.876234505208   
0.890668619792   0.238641341146   0.886777148437   
0.894317122396   0.254755973307   0.912187890625   
0.894496484375   0.244033561198   0.910213736979   
0.892756184896   0.242316194661   0.906898763021   
0.893891341146   0.262081819661   0.909852278646   
0.897802213542   0.235261035156   0.878008854167   
0.901168033854   0.240382600911   0.904770377604   
0.89606171875   0.254503727214   0.912151627604   
0.892278645833   0.256675341797   0.910272721354   
0.895904296875   0.258388541667   0.910013867187   
0.889022526042   0.256883300781   0.903038541667   
0.887397005208   0.253594303385   0.9066265625   
0.908757356771   0.236992480469   0.892441341146   
0.88544921875   0.256922151693   0.908455924479   
0.889106054687   0.249494319661   0.910354427083   
0.892377669271   0.238623942057   0.897426692708   
0.906873242187   0.241962304687   0.904643164062   
0.916497005208   0.236776757812   0.895592447917   
0.903420507812   0.234884912109   0.897427994792   
0.908879947917   0.229761686198   0.883869205729   
0.905084635417   0.233174772135   0.893998632813   
0.906898242187   0.233192496745   0.892480859375   
0.905339127604   0.236758577474   0.89252734375   
0.910609830729   0.233199690755   0.895768815104   
0.903654101562   0.234889013672   0.892635481771   
0.916497721354   0.233569954427   0.885125   
0.914682552083   0.235184798177   0.895538151042   
0.888953059896   0.255045621745   0.906580859375   
0.90905   0.244980419922   0.881778515625   
0.896086848958   0.255011604818   0.899224739583   
0.899499414062   0.254637988281   0.910095052083   
0.897909505208   0.256531705729   0.9062671875   
0.889377994792   0.251456689453   0.904729036458   
0.896127473958   0.256410791016   0.908057682292   
0.894582226562   0.249898746745   0.890247005208   
0.899183398438   0.25308766276   0.900911979167   
0.897431315104   0.246229899089   0.904690234375   
0.887544270833   0.251463346354   0.904877604167   
0.897862239583   0.242728629557   0.903073242187   
0.893213476562   0.249798958333   0.906280338542   
0.907072460937   0.253210530599   0.898590755208   
0.9052671875   0.253083040365   0.89867734375   
0.890976236979   0.260671305339   0.898880924479   
0.89964453125   0.26062952474   0.904312630208   
0.908721744792   0.251650585938   0.902303971354   
0.896191210937   0.240845751953   0.901349739583   
0.903086328125   0.25885328776   0.904519466146   
0.916480533854   0.235323795573   0.888542057292   
0.912964453125   0.233714388021   0.878191861979   
0.916497395833   0.237106803385   0.886720768229   
0.909381770833   0.235708658854   0.876471223958   
0.907147070312   0.25719366862   0.910322460937   
0.903343880208   0.255071891276   0.896883919271   
0.909238541667   0.257226448568   0.908492903646   
0.912965299479   0.23935242513   0.872553255208   
0.899175651042   0.242525309245   0.904788606771   
0.891058463542   0.246504882812   0.894025455729   
0.900959375   0.246139876302   0.902465755208   
0.899368359375   0.252980175781   0.897282942708   
0.889163606771   0.240536230469   0.885058138021   
0.897987239583   0.258955110677   0.897121158854   
0.8907140625   0.244460563151   0.899089257812   
0.905562955729   0.239030777995   0.885464453125   
0.899591015625   0.248322900391   0.891995703125   
0.890895833333   0.246046272786   0.906539322917   
0.891087565104   0.244923372396   0.890622591146   
0.891317252604   0.248141178385   0.892136653646   
0.89109921875   0.249661035156   0.893862369792   
0.891037109375   0.251384147135   0.895345377604   
0.891034960937   0.253366975911   0.895444335937   
0.901031640625   0.256882324219   0.904682747396   
0.896058072917   0.252872119141   0.908109570312   
0.891098502604   0.251560009766   0.910126822917   
0.899156640625   0.253237434896   0.90460546875   
0.894620833333   0.251305761719   0.907959635417   
0.896307226562   0.248227522786   0.89391171875   
0.897981445312   0.249459700521   0.899071679688   
0.891109244792   0.249543066406   0.897255859375   
0.901854622396   0.238738134766   0.894086848958   
0.897854817708   0.246565234375   0.892053580729   
0.894687369792   0.247983251953   0.895524739583   
0.897999414062   0.24805608724   0.899183984375   
0.89135546875   0.24672874349   0.890590104167   
0.892996028646   0.247865511068   0.89904375   
0.896161393229   0.25460608724   0.906285026042   
0.893019791667   0.253086490885   0.904704817708   
0.892877148437   0.253370328776   0.895454817708   
0.898004361979   0.244570019531   0.899220117187   
0.897968229167   0.241304915365   0.885301367187   
0.901275911458   0.246253157552   0.899190234375   
0.907358854167   0.235885107422   0.872324414063   
0.894463736979   0.238784505208   0.888723177083   
0.896125911458   0.260429020182   0.906127734375   
0.905297135417   0.240587841797   0.895800520833   
0.905287304687   0.23577438151   0.874421549479   
0.912727604167   0.249954345703   0.896932161458   
0.899616536458   0.235705110677   0.872473697917   
0.907525325521   0.238929785156   0.885296354167   
0.908971549479   0.253254003906   0.900586848958   
0.894494596354   0.260437093099   0.897081510417   
0.905628710937   0.239190364583   0.883638020833   
0.900919791667   0.246094140625   0.904397851562   
0.896328059896   0.249564599609   0.893790559896   
0.899474674479   0.248278808594   0.893802408854   
0.916497526042   0.248044156901   0.897121614583   
0.90343203125   0.245046858724   0.885235286458   
0.906978255208   0.238768570964   0.897308203125   
0.907047395833   0.238905875651   0.890590364583   
0.910702669271   0.24043273112   0.900811783854   
0.891024869792   0.257018570964   0.897065559896   
0.912666536458   0.237274202474   0.886957942708   
0.894433268229   0.258800032552   0.895301822917   
0.909427408854   0.241024283854   0.881934635417   
0.903502148437   0.251122005208   0.871911393229   
0.905060416667   0.254267496745   0.870266471354   
0.905269661458   0.243243961589   0.879705143229   
0.903366927083   0.273561621094   0.890930859375   
0.892573632813   0.257411002604   0.884381380208   
0.896269726563   0.249033382161   0.873811523437   
0.923636523438   0.259827229818   0.882157226562   
0.901722786458   0.255753027344   0.884207291667   
0.898210026042   0.26124280599   0.884174609375   
0.906861848958   0.256393098958   0.868510416667   
0.896227148437   0.271659016927   0.889250911458   
0.896212565104   0.259047591146   0.88945546875   
0.896452473958   0.244978157552   0.884835221354   
0.892590559896   0.255855354818   0.882808268229   
0.899742447917   0.255250130208   0.891428385417   
0.903288932292   0.263196191406   0.873619205729   
0.91082109375   0.249398828125   0.877634179688   
0.896421614583   0.26280538737   0.885820703125   
0.91255390625   0.252981070964   0.870735807292   
0.91094765625   0.273873242187   0.887098177083   
0.898365690104   0.270121940104   0.885751432292   
0.903619856771   0.263089046224   0.891111067708   
0.898179752604   0.248991455078   0.879540625   
0.896401822917   0.248417333984   0.884821549479   
0.894758984375   0.250220849609   0.886713151042   
0.910872916667   0.25968688151   0.885819921875   
0.907128059896   0.259757454427   0.875716927083   
0.89819765625   0.252406673177   0.881013020833   
0.9020984375   0.264603792318   0.885582161458   
0.901441861979   0.25193194987   0.88820390625   
0.914287565104   0.259477864583   0.872607161458   
0.903896223958   0.26819625651   0.885701888021   
0.896136458333   0.25725764974   0.889493489583   
0.906933072917   0.266597607422   0.880797070312   
0.898143619792   0.246699869792   0.886864648437   
0.8928765625   0.25061640625   0.879336002604   
0.898329101562   0.263118896484   0.880873307292   
0.900059700521   0.261487483724   0.877191927083   
0.912469921875   0.261063183594   0.878895898437   
0.905288346354   0.266408626302   0.884035221354   
0.907115559896   0.264789290365   0.887319205729   
0.910598632812   0.259554394531   0.88239609375   
0.9019296875   0.264763623047   0.882399739583   
0.907094856771   0.257997998047   0.877521744792   
0.903560221354   0.264667561849   0.877272460937   
0.9053265625   0.26317039388   0.880595117187   
0.901884440104   0.263091634115   0.882371354167   
0.900150651042   0.26124983724   0.885823242187   
0.90543125   0.268361149089   0.885671484375   
0.89624921875   0.269966471354   0.891030403646   
0.890785677083   0.257644042969   0.882826497396   
0.910702278646   0.268321272786   0.885910351562   
0.903397851562   0.271600764974   0.891007552083   
0.918545703125   0.250869173177   0.879128645833   
0.899273697917   0.238074202474   0.868509309896   
0.914669205729   0.266532845052   0.893231966146   
0.901545963542   0.254573974609   0.868628971354   
0.916556770833   0.264991373698   0.883953710937   
0.905147070312   0.268415250651   0.892637695312   
0.893716341146   0.239607747396   0.874070703125   
0.88526328125   0.246990983073   0.877128515625   
0.891989648437   0.239602555339   0.875724479167   
0.921997591146   0.256071077474   0.875761132813   
0.890366015625   0.241334798177   0.875636197917   
0.911092122396   0.257253678385   0.900374283854   
0.912572981771   0.255477978516   0.895371484375   
0.898083854167   0.275196223958   0.905998958333   
0.907413476562   0.262737906901   0.902623697917   
0.909043619792   0.275778841146   0.887141731771   
0.914424934896   0.256613085937   0.866691341146   
0.914409700521   0.257203857422   0.895470182292   
0.905151236979   0.270138818359   0.894499739583   
0.896263671875   0.26160250651   0.876963346354   
0.918071419271   0.257273339844   0.893441276042   
0.919985416667   0.256368375651   0.882201367187   
0.896246028646   0.266438476562   0.887653841146   
0.896347330729   0.25811085612   0.877313932292   
0.885160416667   0.253763623047   0.891634440104   
0.896277994792   0.266559521484   0.889288867187   
0.899770052083   0.265024788411   0.87509296875   
0.903097851562   0.263438264974   0.869908463542   
0.901680989583   0.271640315755   0.894799934896   
0.896196419271   0.266431152344   0.909742708333   
0.896420638021   0.266372705078   0.906040755208   
0.903358463542   0.266423030599   0.902662109375   
0.899836979167   0.256537597656   0.870129427083   
0.916486979167   0.255525113932   0.893493229167   
0.923753515625   0.259684228516   0.883917903646   
0.907207226562   0.255250211589   0.898644140625   
0.916742838542   0.264879378255   0.877340299479   
0.900133919271   0.27518828125   0.9061546875   
0.903618098958   0.269727050781   0.904411979167   
0.894347591146   0.266350244141   0.906161002604   
0.916434570312   0.256327327474   0.880734440104   
0.897954427083   0.260101497396   0.87148828125   
0.917984830729   0.256046630859   0.874059505208   
0.906976367187   0.270640332031   0.877016145833   
0.918197070312   0.259546305339   0.882159049479   
0.9053765625   0.255100537109   0.89497421875   
0.920054166667   0.259732535807   0.880699414062   
0.907086328125   0.253446402995   0.893404296875   
0.908931640625   0.253453157552   0.895076953125   
0.900190039062   0.273665234375   0.889107617187   
0.901809700521   0.275593261719   0.889040559896   
0.891354101562   0.252099495443   0.888257096354   
0.912460742187   0.253555192057   0.893435742187   
0.908939583333   0.253510009766   0.893359179688   
0.922043684896   0.261549104818   0.877391341146   
0.898377018229   0.261372623698   0.88081015625   
0.883123307292   0.248548681641   0.884583854167   
0.883108203125   0.250680533854   0.8844578125   
0.888558984375   0.271751741536   0.904152799479   
0.882934830729   0.252550211589   0.888400260417   
0.888609375   0.268519352214   0.900661197917   
0.890331119792   0.275579003906   0.90026171875   
0.888503971354   0.266782552083   0.896713216146   
0.8958375   0.279352408854   0.900122330729   
0.890357096354   0.264938151042   0.883982682292   
0.883095442708   0.256276464844   0.884371679687   
0.888432747396   0.273777897135   0.900254296875   
0.890371679687   0.265033105469   0.882073697917   
0.886854557292   0.263145019531   0.890998828125   
0.890405729167   0.266869270833   0.891027604167   
0.892178580729   0.266755826823   0.889268098958   
0.890427148438   0.266811669922   0.892779166667   
0.89029140625   0.266901790365   0.885955794271   
0.904733854167   0.243459895833   0.861043945312   
0.904664648437   0.24162491862   0.860975455729   
0.883075130208   0.24867327474   0.878907226562   
0.884753710937   0.250413688151   0.875235481771   
0.890062109375   0.275680794271   0.896552929687   
0.88309609375   0.257977278646   0.887911002604   
0.888320182292   0.275698046875   0.901992513021   
0.882893098958   0.263081396484   0.898648372396   
0.88833515625   0.273584667969   0.904075065104   
0.882992252604   0.254116259766   0.888319401042   
0.882953776042   0.25202639974   0.891865429688   
0.882919986979   0.253566031901   0.89517265625   
0.886935611979   0.238786848958   0.879181119792   
0.916324023437   0.248103971354   0.884875716146   
0.887122460937   0.24273038737   0.875158919271   
0.897222721354   0.235582763672   0.870123632812   
0.883119466146   0.246458528646   0.882577994792   
0.893324348958   0.237732486979   0.869706770833   
0.888352083333   0.242916210937   0.871459505208   
0.886524674479   0.242887906901   0.867841992187   
0.886618619792   0.239047347005   0.875149544271   
0.903022721354   0.237708024089   0.860734375   
0.900725195312   0.239727132161   0.858614778646   
0.884667643229   0.250306852214   0.871129361979   
0.898983333333   0.24522179362   0.858761132812   
0.904658072917   0.247028027344   0.856986458333   
0.902754101562   0.245320654297   0.858827994792   
0.888716536458   0.248665169271   0.871439322917   
0.900813867187   0.241770751953   0.862694401042   
0.897578385417   0.245010823568   0.862667057292   
0.8956265625   0.243344075521   0.862599674479   
0.900834895833   0.246988574219   0.86097265625   
0.890076367187   0.248767822266   0.866236979167   
0.886649283854   0.244754964193   0.871252604167   
0.893610091146   0.241478369141   0.869757942708   
0.897100976562   0.23970242513   0.862488151042   
0.890099804688   0.246828727214   0.867994791667   
0.888333723958   0.244905517578   0.869557617187   
0.897275585937   0.241564176432   0.860640234375   
0.890285221354   0.250579199219   0.866155273437   
0.89716796875   0.239989176432   0.866271809896   
0.888469596354   0.254492317708   0.867706901042   
0.890158268229   0.270356526693   0.887578645833   
0.893686523437   0.251113346354   0.86442421875   
0.892167317708   0.266758544922   0.881916601563   
0.891928320312   0.271933789062   0.891161067708   
0.886968098958   0.252419124349   0.871245117187   
0.888562434896   0.25437039388   0.869458919271   
0.886436458333   0.250727522786   0.865978645833   
0.884547526042   0.274340820312   0.8911125   
0.886475716146   0.268836735026   0.892811393229   
0.885060286458   0.258542008464   0.880667057292   
0.882813736979   0.268884651693   0.889154361979   
0.882973697917   0.265125309245   0.890927539062   
0.883026171875   0.263452522786   0.887453580729   
0.888256705729   0.270437939453   0.887502148437   
0.89016328125   0.268622005208   0.881903645833   
0.895744140625   0.251227376302   0.862407226562   
0.893861523437   0.277804199219   0.890956315104   
0.890476757813   0.256602408854   0.869524088542   
0.899302929687   0.267217431641   0.871288997396   
0.894149283854   0.26211554362   0.872974479167   
0.908702213542   0.25872257487   0.862634570313   
0.9103796875   0.259112125651   0.857590104167   
0.904812109375   0.253185986328   0.859060416667   
0.904996419271   0.262274365234   0.862338346354   
0.910359700521   0.261878922526   0.866104036458   
0.908443098958   0.260915152995   0.857527929687   
0.906401236979   0.251120947266   0.855331184896   
0.898026302083   0.278127408854   0.883364713542   
0.896087239583   0.276256380208   0.883333333333   
0.899787955729   0.278160351562   0.881589518229   
0.897644466146   0.271074788411   0.874808333333   
0.903051953125   0.27469749349   0.874929361979   
0.899593098958   0.274700716146   0.876150130208   
0.895973697917   0.274631933594   0.879736588542   
0.901129361979   0.273151822917   0.873073958333   
0.908417382812   0.260974934896   0.855461458333   
0.901047591146   0.256833105469   0.864453645833   
0.906405338542   0.25898741862   0.857379752604   
0.902919140625   0.262223779297   0.864185546875   
0.900861588542   0.25315148112   0.860790625   
0.891824023437   0.281725358073   0.892870768229   
0.910906901042   0.273225683594   0.869435611979   
0.912552994792   0.269616536458   0.865681835937   
0.912584505208   0.26766389974   0.863866796875   
0.914490299479   0.255268636068   0.851726432292   
0.897949023437   0.274558528646   0.881702408854   
0.89965   0.281452441406   0.888763411458   
0.90337890625   0.279959830729   0.883248632812   
0.905177083333   0.280223958333   0.87993203125   
0.910655208333   0.267530013021   0.865755403646   
0.910778841146   0.264143522135   0.858883658854   
0.906972070312   0.273141601563   0.869371875   
0.908760611979   0.265796858724   0.860549544271   
0.907017773437   0.276640852865   0.873036458333   
0.910579296875   0.262398404948   0.860647460937   
0.899560286458   0.283460253906   0.890951757812   
0.908350390625   0.255179915365   0.857535091146   
0.906695898437   0.2636359375   0.864144856771   
0.906597330729   0.265662125651   0.862269010417   
0.906592317708   0.259059228516   0.859104947917   
0.899344401042   0.258552929687   0.866167903646   
0.910344661458   0.253038736979   0.855546744792   
0.894111783854   0.26706336263   0.878335286458   
0.901450716146   0.277903092448   0.883357421875   
0.895929231771   0.261956461589   0.869657096354   
0.90696640625   0.276494433594   0.874888216146   
0.899461393229   0.26907023112   0.875096354167   
0.906996614583   0.276321354167   0.876574348958   
0.905587434896   0.281297688802   0.89098671875   
0.907583398438   0.28133655599   0.888656510417   
0.91446484375   0.269627360026   0.871580273437   
0.9146171875   0.260769547526   0.860943945312   
0.91236640625   0.259169205729   0.85546875   
0.901780989583   0.273369205729   0.906252473958   
0.906833268229   0.261694514974   0.867984505208   
0.892596809896   0.260594856771   0.895020638021   
0.89628203125   0.275729980469   0.8931375   
0.894545963542   0.25422796224   0.873542708333   
0.899839713542   0.277486132812   0.893013476562   
0.894516080729   0.264593505859   0.8972234375   
0.896390429687   0.260932389323   0.900694596354   
0.896217903646   0.271878434245   0.893084179687   
0.914706966146   0.266404329427   0.899028971354   
0.885433398437   0.25624296875   0.8843546875   
0.899471223958   0.248987272135   0.864786914062   
0.894306445312   0.252511181641   0.869939518229   
0.897687239583   0.243538476562   0.868366015625   
0.889116536458   0.254456184896   0.877260546875   
0.90321953125   0.245348095703   0.879642643229   
0.907110026042   0.251096614583   0.877524023437   
0.910688541667   0.266658740234   0.887331901042   
0.908841927083   0.27003116862   0.885734440104   
0.899635351562   0.250908203125   0.873866145833   
0.898148046875   0.252465885417   0.87209296875   
0.896421679687   0.257729492188   0.881037434896   
0.900238216146   0.268418880208   0.882179492188   
0.901959960937   0.26304930013   0.884104101562   
0.898050585937   0.246771777344   0.884802083333   
0.905441731771   0.25943289388   0.887571940104   
0.903720442708   0.263091650391   0.877338020833   
0.916794921875   0.266997900391   0.879074023437   
0.906952864583   0.26818108724   0.889020507812   
0.910551822917   0.261165039062   0.882478710937   
0.910603841146   0.2647921875   0.885720247396   
0.900041080729   0.252416048177   0.880881510417   
0.905251822917   0.268251204427   0.882391536458   
0.903557877604   0.25972249349   0.882163802083   
0.912452929688   0.261036930339   0.874186848958   
0.906864973958   0.268600276693   0.878883138021   
0.908718945312   0.257452067057   0.889566927083   
0.9053171875   0.268404410807   0.88063125   
0.900166276042   0.271748632812   0.889177669271   
0.914461653646   0.25952578125   0.882487825521   
0.910818359375   0.256526741536   0.870741666667   
0.900180403646   0.263092464193   0.882386263021   
0.905207421875   0.259618164062   0.880493880208   
0.901590559896   0.257406445313   0.889514257812   
0.894549414062   0.252335742187   0.881028320313   
0.908722070312   0.254219710286   0.884287239583   
0.90516875   0.258060221354   0.879152929688   
0.908633723958   0.254771582031   0.866885611979   
0.912595052083   0.257623193359   0.887693880208   
0.892625390625   0.259066910807   0.891254492187   
0.916056575521   0.25791788737   0.874128776042   
0.907203320312   0.258173893229   0.874078125   
0.885073697917   0.25742039388   0.893141145833   
0.901501041667   0.261175065104   0.892926041667   
0.906965885417   0.266850553385   0.875490559896   
0.909369661458   0.26283367513   0.902543098958   
0.908713997396   0.252388639323   0.8826890625   
0.892527083333   0.259797770182   0.878824348958   
0.912470442708   0.247315348307   0.872395117187   
0.896304752604   0.258562841797   0.871609440104   
0.897990234375   0.259134635417   0.887669205729   
0.903221744792   0.258536181641   0.866526041667   
0.901912760417   0.257809423828   0.880528971354   
0.901483658854   0.249064990234   0.875910677083   
0.898151171875   0.26092483724   0.891263606771   
0.894593359375   0.2505765625   0.880925651042   
0.906899869792   0.26641101888   0.884184244792   
0.902054492187   0.26456311849   0.887369726562   
0.910472135417   0.251195784505   0.8724984375   
0.896249414062   0.255930989583   0.886350976562   
0.896355664063   0.25654749349   0.869823697917   
0.885186848958   0.250328027344   0.880853190104   
0.910704622396   0.254893701172   0.866841080729   
0.912546940104   0.257938785807   0.872543294271   
0.908968880208   0.261318326823   0.887447005208   
0.887206575521   0.244726041667   0.882715559896   
0.898264453125   0.268292871094   0.884032617187   
0.9052859375   0.254457145182   0.873966601562   
0.901268424479   0.245596402995   0.866395833333   
0.901973958333   0.268336263021   0.893073632812   
0.916303450521   0.25405139974   0.886179817708   
0.894219661458   0.261678157552   0.876885546875   
0.901818164063   0.277211295573   0.906191536458   
0.920024283854   0.259377571615   0.895471419271   
0.903088411458   0.243763785807   0.864905013021   
0.916624739583   0.260984879557   0.899090039062   
0.89255546875   0.252362548828   0.871690690104   
0.892380338542   0.26490086263   0.887696158854   
0.888748307292   0.261052718099   0.889368164062   
0.8888765625   0.260989436849   0.892978385417   
0.918497460937   0.254508268229   0.868608463542   
0.899723307292   0.239620979818   0.879692643229   
0.904780924479   0.243574072266   0.863159895833   
0.89774140625   0.245264941406   0.866468098958   
0.897551106771   0.240065576172   0.870141341146   
0.899272786458   0.24015139974   0.868441536458   
0.902051171875   0.264698925781   0.884018098958   
0.896457291667   0.261121907552   0.884128320312   
0.901841666667   0.254234375   0.880986914062   
0.894103515625   0.246922233073   0.870062955729   
0.890576497396   0.243063753255   0.875637695312   
0.895823242187   0.239749332682   0.87411171875   
0.899683919271   0.238032796224   0.872428320312   
0.887123763021   0.250240266927   0.877320963542   
0.888921940104   0.259300260417   0.889381054687   
0.918336458333   0.265156722005   0.883878255208   
0.885333723958   0.24853898112   0.884454296875   
0.899540299479   0.26014930013   0.868152148437   
0.916702408854   0.268646077474   0.882237760417   
0.905228971354   0.24844930013   0.886436328125   
0.908781380208   0.254449088542   0.870737044271   
0.908817252604   0.248669986979   0.883141861979   
0.90703359375   0.259664957682   0.885947916667   
0.907163671875   0.258074869792   0.875817382812   
0.905127278646   0.259961035156   0.873899283854   
0.910518945312   0.266865201823   0.875406510417   
0.914522265625   0.254595996094   0.882403450521   
0.885106901042   0.252447542318   0.882709830729   
0.921914908854   0.263301757812   0.885841145833   
0.900140755208   0.266647281901   0.880504231771   
0.908985026042   0.256256217448   0.882400455729   
0.892608138021   0.254193180339   0.882730598958   
0.91621875   0.259638460286   0.887541731771   
0.908996549479   0.257230159505   0.893254622396   
0.908706966146   0.268803304036   0.877184505208   
0.890627083333   0.259200211589   0.886030273437   
0.892652083333   0.259081705729   0.893134309896   
0.903275651042   0.237972412109   0.870576953125   
0.887349544271   0.256267203776   0.886195898437   
0.922131705729   0.25075304362   0.877563867188   
0.922087174479   0.250540299479   0.879057486979   
0.903249674479   0.239904443359   0.872383723958   
0.907435677083   0.277648828125   0.900566276042   
0.920368294271   0.248805338542   0.879356705729   
0.887286653646   0.256324739583   0.882660677083   
0.907013867187   0.252105159505   0.888134244792   
0.895876106771   0.245195328776   0.868394791667   
0.896070703125   0.245304182943   0.870145377604   
0.899514973958   0.24006944987   0.8703546875   
0.901240755208   0.243534733073   0.872348177083   
0.897960677083   0.241687809245   0.877732617187   
0.899578190104   0.243460123698   0.873912239583   
0.896486588542   0.254056673177   0.875546158854   
0.910613346354   0.243527490234   0.872277539062   
0.920223893229   0.261441292318   0.893297200521   
0.901675   0.255201790365   0.891447005208   
0.914702604167   0.270648990885   0.882074934896   
0.899794140625   0.266272054036   0.896718945312   
0.898027018229   0.247067936198   0.881343294271   
0.8924921875   0.243296565755   0.877507942708   
0.894117122396   0.246996533203   0.873951692708   
0.892522851562   0.262833463542   0.889352799479   
0.890803255208   0.257589876302   0.8912984375   
0.912454492187   0.251312320964   0.872564322917   
0.912235807292   0.262910205078   0.872230729167   
0.890616210937   0.259943408203   0.87878203125   
0.914475260417   0.261385026042   0.889256835938   
0.914404882812   0.259612923177   0.887447916667   
0.914412890625   0.251230094401   0.872476171875   
0.900249348958   0.258075227865   0.875451822917   
0.904999088542   0.24722672526   0.865099479167   
0.906702148437   0.247294189453   0.866841861979   
0.899672330729   0.251659798177   0.891677213542   
0.890952864583   0.248469726562   0.877145377604   
0.894301171875   0.245125797526   0.879368945312   
0.894092513021   0.243471858724   0.877563476562   
0.896001692708   0.241758365885   0.874025716146   
0.897944205729   0.243529003906   0.873856445312   
0.910734635417   0.264831477865   0.891245898437   
0.892981835937   0.248549267578   0.882888606771   
0.891074153646   0.250328385417   0.877273893229   
0.892593880208   0.250484570312   0.873837239583   
0.9126859375   0.23730086263   0.883339778646   
0.910862695312   0.235303548177   0.885063346354   
0.912321744792   0.244357617187   0.8934109375   
0.912730989583   0.242971728516   0.888720377604   
0.912863216146   0.244780696615   0.885098111979   
0.911033528646   0.240864290365   0.885021419271   
0.910680924479   0.24066858724   0.895413346354   
0.912856054687   0.233821321615   0.880210872396   
0.908927473958   0.238921826172   0.895489648437   
0.907426302083   0.240996419271   0.88516328125   
0.907234635417   0.246633203125   0.885119270833   
0.907234895833   0.246396207682   0.886717057292   
0.907544270833   0.241102408854   0.88177890625   
0.91081875   0.246195605469   0.888540299479   
0.914835221354   0.239227457682   0.87647890625   
0.907321419271   0.240785188802   0.893872591146   
0.908807291667   0.239016666667   0.892381054688   
0.914415559896   0.240473258464   0.899053320312   
0.912781901042   0.248063802083   0.898570377604   
0.908924804688   0.248125748698   0.888257161458   
0.916409244792   0.238819824219   0.890468489583   
0.9069296875   0.240624495443   0.898916276042   
0.914352669271   0.238846549479   0.892201497396   
0.901738151042   0.237459440104   0.881749739583   
0.886913802083   0.260695133464   0.904562565104   
0.91632421875   0.250031022135   0.890203450521   
0.916435286458   0.251729573568   0.891853580729   
0.911001236979   0.242844173177   0.883358398437   
0.908746289062   0.24795460612   0.895149088542   
0.914421744792   0.250130013021   0.886575260417   
0.905341145833   0.24088585612   0.888893098958   
0.906972330729   0.251631770833   0.908529427083   
0.905448046875   0.246406022135   0.888308919271   
0.898066666667   0.239285888672   0.887025325521   
0.908852083333   0.246044824219   0.893680208333   
0.896324023437   0.246540250651   0.901161848958   
0.90536328125   0.246321289062   0.890309114583   
0.897390364583   0.25125   0.9046453125   
0.901255598958   0.258973307292   0.897002539062   
0.901376367187   0.24837421875   0.890167447917   
0.894944596354   0.248008772786   0.90115   
0.894474609375   0.254516389974   0.904588867187   
0.894702083333   0.251301757813   0.893566210937   
0.896126302083   0.251289404297   0.903069921875   
0.893162695313   0.251377229818   0.904699153646   
0.9161390625   0.246374869792   0.890210611979   
0.911025390625   0.243123844401   0.878144856771   
0.907224739583   0.246873144531   0.883389518229   
0.916512174479   0.242761311849   0.883326627604   
0.901805859375   0.239057470703   0.890637369792   
0.918352148437   0.248196321615   0.883168424479   
0.908856966146   0.251757405599   0.8935328125   
0.908770638021   0.236982845052   0.894097981771   
0.905225716146   0.258889778646   0.902617317708   
0.8834515625   0.251633105469   0.900772916667   
0.905151627604   0.233680761719   0.874451822917   
0.914555078125   0.233496679687   0.885275651042   
0.916555013021   0.239125244141   0.884784505208   
0.887031575521   0.244312402344   0.890772070312   
0.887162044271   0.251449332682   0.91026953125   
0.892106770833   0.262295507812   0.908108919271   
0.903427734375   0.239367236328   0.879725390625   
0.891026888021   0.242630859375   0.886596744792   
0.918311588542   0.240959407552   0.886569335937   
0.909161523438   0.243148063151   0.886908333333   
0.901576171875   0.237620540365   0.877941210937   
0.897853385417   0.235338053385   0.885481054688   
0.914865820312   0.235674576823   0.876372265625   
0.909238541667   0.255274495443   0.910388736979   
0.899847916667   0.235225130208   0.883839127604   
0.907203645833   0.233194238281   0.887110677083   
0.912418945312   0.231359781901   0.888780989583   
0.903559309896   0.233352229818   0.881946223958   
0.905417773437   0.233183382161   0.887202148437   
0.905662369792   0.233360546875   0.882016536458   
0.885544921875   0.247331217448   0.904950585937   
0.908796158854   0.247737223307   0.908704427083   
0.893890820313   0.261941097005   0.913926497396   
0.883693880208   0.255336507161   0.90847890625   
0.890513932292   0.260396875   0.910202278646   
0.885517773437   0.247282747396   0.902984049479   
0.892548763021   0.243988346354   0.910330598958   
0.901688932292   0.258194417318   0.914076367187   
0.906949934896   0.253226106771   0.912582877604   
0.903812695312   0.260449414062   0.914116796875   
0.907446419271   0.256996110026   0.914483007812   
0.903684960937   0.258401839193   0.916259895833   
0.901056705729   0.25300563151   0.912637239583   
0.886893489583   0.262177539062   0.915991796875   
0.886923242187   0.262170703125   0.914097591146   
0.901177083333   0.245798242187   0.910684375   
0.885467903646   0.25695538737   0.914348307292   
0.892039127604   0.262018343099   0.916009960937   
0.885147981771   0.262428694661   0.91413671875   
0.899746223958   0.258017578125   0.914021158854   
0.8978265625   0.244015413411   0.912324414062   
0.914273958333   0.229372509766   0.888950585937   
0.911018945312   0.2454890625   0.908657421875   
0.908927148437   0.241830598958   0.9067578125   
0.901791276042   0.233026529948   0.887359505208   
0.899902604167   0.233116178385   0.883745638021   
0.901535677083   0.23321805013   0.881946940104   
0.901637109375   0.232912858073   0.892727929687   
0.895907617187   0.233117773437   0.887290820313   
0.885459309896   0.247390445964   0.90676796875   
0.8978859375   0.233055224609   0.887348893229   
0.897915820312   0.23301188151   0.889191471354   
0.907022200521   0.23107639974   0.890740755208   
0.8999421875   0.234539908854   0.894273242187   
0.903319075521   0.234664046224   0.899554947917   
0.903203515625   0.231393619792   0.876395247396   
0.905051432292   0.231470019531   0.876388346354   
0.908740625   0.234801529948   0.899384309896   
0.90888671875   0.242004329427   0.904634960937   
0.908893489583   0.243693652344   0.906621809896   
0.911072460937   0.245634944661   0.906598828125   
0.894048502604   0.233032161458   0.889019986979   
0.888829101562   0.238352539062   0.888616796875   
0.890162239583   0.23503297526   0.881655989583   
0.883276627604   0.247417057292   0.899083854167   
0.888446158854   0.242233170573   0.904987434896   
0.901145638021   0.24012578125   0.906887174479   
0.885214713542   0.245331184896   0.904857682292   
0.884784244792   0.240424723307   0.890821289062   
0.883250651042   0.245568001302   0.897422460937   
0.881151367187   0.243890299479   0.894058723958   
0.884921549479   0.238524153646   0.879168294271   
0.899335481771   0.231135123698   0.872345377604   
0.9012421875   0.233424348958   0.868555533854   
0.910809179687   0.235227164714   0.85893671875   
0.912614973958   0.23137796224   0.86290703125   
0.907445442708   0.233431624349   0.866507226563   
0.911043880208   0.233319352214   0.864674414062   
0.903339713542   0.23338063151   0.866465950521   
0.903100520833   0.231493196615   0.872494726563   
0.914794075521   0.231525195312   0.870489583333   
0.911184375   0.229463313802   0.868426367187   
0.913026822917   0.231581282552   0.868438997396   
0.91107421875   0.233466650391   0.866671028646   
0.898928515625   0.249048893229   0.858530794271   
0.910071289062   0.245083040365   0.851693880208   
0.904535416667   0.241553304036   0.85662734375   
0.91008125   0.241164583333   0.853387174479   
0.914351888021   0.246955110677   0.849786328125   
0.918445052083   0.249087402344   0.848027799479   
0.883021354167   0.240530371094   0.879144010417   
0.880976627604   0.244007568359   0.892269010417   
0.878962044271   0.248117399089   0.890432552083   
0.88103125   0.249843098958   0.8953515625   
0.878813476562   0.260974527995   0.902647526042   
0.881014583333   0.263001660156   0.908227604167   
0.882668815104   0.268624414062   0.906323242188   
0.888142382812   0.275914322917   0.908225520833   
0.880811197917   0.268930143229   0.900533398437   
0.882820442708   0.27075078125   0.900427734375   
0.889787109375   0.274152083333   0.891085286458   
0.882643815104   0.274206738281   0.898489778646   
0.877268359375   0.256290983073   0.880475390625   
0.879166080729   0.256505598958   0.880400976562   
0.880935872396   0.260022770182   0.886009375   
0.888025651042   0.275837825521   0.898334570312   
0.888119401042   0.272237565104   0.894691015625   
0.882681705729   0.272540266927   0.892916536458   
0.886317057292   0.270583317057   0.896493424479   
0.884651497396   0.27069391276   0.898297330729   
0.888026497396   0.275872298177   0.894597395833   
0.880811328125   0.266999951172   0.893022916667   
0.889812630208   0.277621484375   0.890958789062   
0.889854947917   0.279551985677   0.890898307292   
0.880877083333   0.24704757487   0.876894335937   
0.884610611979   0.248718457031   0.86761328125   
0.894873893229   0.237644433594   0.864231315104   
0.894948046875   0.237668766276   0.865990820312   
0.8864078125   0.238945198568   0.8733890625   
0.893276692708   0.237649739583   0.867928971354   
0.893260091146   0.235450097656   0.871752083333   
0.877167057292   0.253700032552   0.898804817708   
0.881084505208   0.242709830729   0.881187955729   
0.879068098958   0.251835009766   0.895217122396   
0.880776432292   0.250348291016   0.888632161458   
0.879154166667   0.252066959635   0.891735416667   
0.880800325521   0.259193017578   0.898740755208   
0.880884635417   0.254238069661   0.886498697917   
0.880958203125   0.264842333984   0.898409960938   
0.878902213542   0.263237776693   0.891087109375   
0.882674283854   0.252449202474   0.876991861979   
0.878989583333   0.264822477214   0.896746549479   
0.877298893229   0.258161425781   0.884486067708   
0.878881835937   0.259575797526   0.889500716146   
0.877072265625   0.252031917318   0.891687890625   
0.914850325521   0.251598307292   0.912674934896   
0.912923242187   0.255270198568   0.9145125   
0.914788736979   0.253497998047   0.910713411458   
0.916886979167   0.249692643229   0.910450846354   
0.917056184896   0.245952978516   0.904853059896   
0.915099544271   0.249695686849   0.908465234375   
0.914706575521   0.255518408203   0.910584960937   
0.924077929687   0.253458691406   0.902711002604   
0.920556705729   0.250021647135   0.900832161458   
0.92067265625   0.244649495443   0.877861914063   
0.918741992187   0.253612711589   0.906342317708   
0.922047395833   0.257294091797   0.9010609375   
0.920407291667   0.25374938151   0.900780338542   
0.918593294271   0.246611832682   0.879549283854   
0.913011132812   0.235533235677   0.872592252604   
0.918762565104   0.239257470703   0.881587955729   
0.920316080729   0.244653320312   0.892049869792   
0.920398177083   0.249696468099   0.892073502604   
0.916713541667   0.239228955078   0.870811197917   
0.916767252604   0.237394563802   0.870848893229   
0.913134440104   0.23362976888   0.874542708333   
0.913047460937   0.245733170573   0.906554882812   
0.916722070312   0.235448258464   0.870716731771   
0.9186203125   0.235399121094   0.886789322917   
0.918521223958   0.237150748698   0.884844986979   
0.922450260417   0.247917480469   0.897243359375   
0.92234921875   0.246258105469   0.884792708333   
0.922373697917   0.24810641276   0.895538932292   
0.920643229167   0.244560953776   0.895722591146   
0.922288867188   0.249654020182   0.897186653646   
0.924042447917   0.251501285807   0.895404817708   
0.922518815104   0.249840234375   0.901028841146   
0.918702018229   0.242553401693   0.879776692708   
0.920511588542   0.242516031901   0.883046875   
0.926060221354   0.251318001302   0.891894010417   
0.920588151042   0.240798730469   0.8845484375   
0.926014973958   0.253328515625   0.8975203125   
0.926137304687   0.251442464193   0.888460091146   
0.927976692708   0.251607861328   0.901035351562   
0.924519661458   0.246350976562   0.892245507812   
0.920838736979   0.253480533854   0.908560416667   
0.929796875   0.253568408203   0.899284244792   
0.9224515625   0.255408658854   0.908594986979   
0.929873177083   0.25537438151   0.893571028646   
0.926071614583   0.255292236328   0.897530338542   
0.928141145833   0.264732747396   0.901045768229   
0.933513151042   0.268182828776   0.900905859375   
0.931836393229   0.264770735677   0.899218945313   
0.933528059896   0.262994856771   0.901044596354   
0.92616796875   0.259169319661   0.899514648437   
0.927989908854   0.266357942708   0.902861523437   
0.927944986979   0.261077457682   0.910382552083   
0.913475260417   0.264688427734   0.912171484375   
0.927968033854   0.27032718099   0.904809700521   
0.931863606771   0.264846386719   0.897204101562   
0.9299109375   0.266553971354   0.898994205729   
0.927865299479   0.268455143229   0.900754492187   
0.922196614583   0.281023307292   0.904700585937   
0.920663216146   0.273872167969   0.906554296875   
0.916967773437   0.268410791016   0.9046390625   
0.920650195313   0.27190296224   0.906555729167   
0.924020703125   0.263280240885   0.897343619792   
0.911420442708   0.273646158854   0.902687434896   
0.91134765625   0.268228613281   0.902680598958   
0.909352799479   0.269788606771   0.908416276042   
0.907624869792   0.261165641276   0.9101828125   
0.905861263021   0.268171858724   0.910023372396   
0.903938671875   0.264665804036   0.910071419271   
0.909265559896   0.264688834635   0.908528190104   
0.907481445312   0.266619791667   0.9066796875   
0.907443489583   0.271591959635   0.906556184896   
0.91134765625   0.269916780599   0.904642252604   
0.920508789062   0.257513427734   0.902597265625   
0.920019010417   0.259293863932   0.897671419271   
0.918905208333   0.245108007813   0.8743140625   
0.915153841146   0.268406038411   0.904622591146   
0.916896419271   0.26119375   0.902834505208   
0.922043033854   0.261212125651   0.899626041667   
0.9224625   0.25554288737   0.904484960937   
0.915227604167   0.270035660807   0.90650234375   
0.925871223958   0.262896598307   0.908639192708   
0.920496354167   0.26296492513   0.903024479167   
0.920670442708   0.257729557292   0.910574869792   
0.909755794271   0.266483544922   0.913931640625   
0.920476367187   0.271836897786   0.908567643229   
0.913452669271   0.270255110677   0.910521289062   
0.922255729167   0.264799609375   0.904913216146   
0.907593619792   0.273458951823   0.906613541667   
0.909613802083   0.273641829427   0.906666731771   
0.904109244792   0.264549544271   0.913854231771   
0.907800325521   0.26273922526   0.913968098958   
0.909738606771   0.2755890625   0.90669921875   
0.911426106771   0.259537972005   0.908538606771   
0.913226432292   0.264666813151   0.908640104167   
0.911417447917   0.262920963542   0.910342447917   
0.925935611979   0.261275569661   0.908520442708   
0.920616145833   0.261186002604   0.914180598958   
0.927747070312   0.26290608724   0.910458333333   
0.918826367187   0.264798160807   0.904901302083   
0.917318684896   0.268279508464   0.908737174479   
0.922310286458   0.266563020833   0.908531380208   
0.920563346354   0.263091682943   0.910421549479   
0.925959830729   0.263001757813   0.910342382812   
0.918858528646   0.263058496094   0.912021419271   
0.918917773438   0.259942301432   0.910462369792   
0.920535807292   0.26147586263   0.912150455729   
0.918779296875   0.263032861328   0.914036002604   
0.924406380208   0.257777115885   0.906477669271   
0.919156770833   0.270131640625   0.906756445312   
0.918733007812   0.262928466797   0.904805664062   
0.920563216146   0.264801367187   0.908675260417   
0.920571289062   0.25967101237   0.912422526042   
0.920611848958   0.263033414714   0.904883854167   
0.915191601563   0.264913883464   0.914118880208   
0.916992317708   0.266538069661   0.904750716146   
0.924110742188   0.261082063802   0.903108789062   
0.924038216146   0.279442708333   0.906592643229   
0.922329557292   0.266762386068   0.914280859375   
0.920417578125   0.271954117839   0.910633854167   
0.913567317708   0.268437467448   0.914274869792   
0.9188984375   0.266859554036   0.914217773437   
0.909838476562   0.268517480469   0.913982747396   
0.905969010417   0.272103125   0.914133723958   
0.909629557292   0.260855859375   0.914327539062   
0.916919010417   0.255557926432   0.91058203125   
0.914976497396   0.259461425781   0.914447981771   
0.92784921875   0.268528694661   0.908864453125   
0.913568164062   0.272007910156   0.910685611979   
0.907944401042   0.279557910156   0.910598893229   
0.909892578125   0.2775875   0.90865625   
0.920690820312   0.282636458333   0.906724804687   
0.917434375   0.275680078125   0.908689322917   
0.918937760417   0.281028645833   0.908630924479   
0.918712695312   0.28460703125   0.90690859375   
0.909681510417   0.285065332031   0.908463411458   
0.909918098958   0.279713020833   0.908517578125   
0.909727083333   0.283165559896   0.90657890625   
0.909539713542   0.286904264323   0.902623893229   
0.918714908854   0.284619303385   0.902565950521   
0.920584700521   0.279329589844   0.904665950521   
0.922140690104   0.277555761719   0.906509765625   
0.920598828125   0.277498763021   0.904669205729   
0.911694596354   0.27776969401   0.904720898438   
0.909627929687   0.277714192708   0.904648177083   
0.914998307292   0.282979036458   0.900923111979   
0.907835221354   0.277632910156   0.906422591146   
0.909586263021   0.286959700521   0.904526171875   
0.9113984375   0.284976236979   0.904556054687   
0.911509895833   0.281574511719   0.904687890625   
0.907637109375   0.281630143229   0.902587695313   
0.906036848958   0.285248990885   0.906374283854   
0.929873567708   0.274031152344   0.902871028646   
0.9278796875   0.279460091146   0.904657161458   
0.930117122396   0.261676692708   0.885910677083   
0.920883072917   0.286646679688   0.898429296875   
0.926277408854   0.263866097005   0.873596289062   
0.924523632813   0.26188108724   0.869953580729   
0.922544661458   0.256457389323   0.864729817708   
0.927979101562   0.281478873698   0.898649283854   
0.924547591146   0.267189501953   0.875154166667   
0.924605859375   0.26380460612   0.870003190104   
0.905752799479   0.287178515625   0.902422330729   
0.905842252604   0.285209895833   0.902254622396   
0.905687239583   0.285143164062   0.900492317708   
0.905667057292   0.283340039062   0.900463997396   
0.907544726562   0.283445865885   0.898470507813   
0.911312434896   0.281648502604   0.8988359375   
0.907513346354   0.27967578125   0.898738736979   
0.914833463542   0.286582486979   0.898858333333   
0.918927669271   0.272239160156   0.898916471354   
0.920464257812   0.272205891927   0.900844401042   
0.913730533854   0.275644986979   0.900574544271   
0.927879296875   0.27964391276   0.898727083333   
0.919094986979   0.27032882487   0.904523828125   
0.917166015625   0.272422607422   0.897131054687   
0.922206119792   0.267083056641   0.897180729167   
0.923677148437   0.273912825521   0.902705078125   
0.918944010417   0.270634342448   0.899111979167   
0.927918815104   0.263688004557   0.876929557292   
0.920702929687   0.25682742513   0.862903841146   
0.926012630208   0.269164729818   0.878680533854   
0.927850716146   0.265459619141   0.878682161458   
0.917151236979   0.286653710937   0.896533919271   
0.925983723958   0.265401367187   0.893289388021   
0.924291861979   0.267359472656   0.88787734375   
0.922394661458   0.276181477865   0.887276497396   
0.925777278646   0.268982796224   0.893055403646   
0.9258515625   0.276189160156   0.887337955729   
0.918936653646   0.276082682292   0.885626432292   
0.923936328125   0.277959798177   0.889042252604   
0.925838671875   0.276272428385   0.885475911458   
0.918824609375   0.272605533854   0.885810546875   
0.922444726562   0.272675130208   0.887595117187   
0.917239583333   0.275897460938   0.887307552083   
0.922388997396   0.258521744792   0.864505208333   
0.919164648438   0.284701074219   0.89451640625   
0.920562760417   0.272805924479   0.882136523437   
0.927885872396   0.259814518229   0.878854296875   
0.913248307292   0.277844791667   0.889301627604   
0.922109765625   0.275851334635   0.894996679687   
0.925774088542   0.279585253906   0.892817513021   
0.922497200521   0.270684895833   0.889590690104   
0.927912760417   0.265661979167   0.887711783854   
0.927865950521   0.267335758464   0.887747591146   
0.917181445313   0.274201888021   0.889205794271   
0.925815494792   0.272218961589   0.889489583333   
0.926079296875   0.265653857422   0.886053710937   
0.920827408854   0.272523502604   0.889334960937   
0.927826692708   0.263610335286   0.878737304687   
0.926023567708   0.260124983724   0.875486523437   
0.925757617187   0.274033170573   0.891167773437   
0.927445117187   0.270357617188   0.893019661458   
0.922313671875   0.267335107422   0.887864192708   
0.925888216146   0.265490983073   0.891356640625   
0.925915429687   0.263394433594   0.891477148437   
0.924224609375   0.270642626953   0.891415299479   
0.924322851562   0.263795996094   0.873648697917   
0.929706705729   0.270275520833   0.894950195312   
0.929564453125   0.268548551432   0.893197200521   
0.920453190104   0.270807014974   0.880433203125   
0.918775585937   0.266779557292   0.893193424479   
0.920502148438   0.270782226562   0.885842252604   
0.917171028646   0.281256054687   0.892945768229   
0.925972395833   0.265748323568   0.887820572917   
0.920833919271   0.272199772135   0.893231184896   
0.915451432292   0.277692154948   0.894871484375   
0.911404752604   0.277722200521   0.894835091146   
0.920601692708   0.279474283854   0.892966666667   
0.919191796875   0.282719238281   0.896580338542   
0.915462695312   0.281239941406   0.894725520833   
0.915300195312   0.274179720052   0.891232096354   
0.920472200521   0.259980257161   0.868066601562   
0.922259635417   0.267176790365   0.893190755208   
0.917091341146   0.272320247396   0.893204492187   
0.922556510417   0.270603255208   0.893123828125   
0.925598828125   0.273964485677   0.894775911458   
0.927939973958   0.268885644531   0.8860734375   
0.918776236979   0.268655712891   0.88941171875   
0.927956640625   0.272802327474   0.883972460937   
0.911146289062   0.284855533854   0.892815429687   
0.925862044271   0.2635796875   0.883946484375   
0.924117903646   0.261706624349   0.875486523437   
0.923991666667   0.267096370443   0.878856966146   
0.909276497396   0.284900520833   0.892987695312   
0.925760807292   0.259904248047   0.880425325521   
0.912708528646   0.271612841797   0.871440104167   
0.911299934896   0.286802864583   0.890532226562   
0.909329492187   0.281533007812   0.886923697917   
0.911047005208   0.273102929687   0.873346419271   
0.911135742187   0.279769075521   0.883454557292   
0.91308359375   0.276246191406   0.880266731771   
0.913251692708   0.281600065104   0.885375651042   
0.927772395833   0.278032877604   0.892742903646   
0.9173453125   0.2866359375   0.894567252604   
0.922595182292   0.286711263021   0.894375260417   
0.920817447917   0.283349772135   0.888856315104   
0.92064453125   0.258879671224   0.860983723958   
0.929723307292   0.276222526042   0.888980729167   
0.926070638021   0.274753222656   0.882049283854   
0.920819921875   0.267465022786   0.869657877604   
0.927785546875   0.272541015625   0.8874859375   
0.916648763021   0.253008805339   0.853680273437   
0.911146289062   0.288781770833   0.892717643229   
0.927944140625   0.267239811198   0.8786265625   
0.921071614583   0.251017545573   0.857407877604   
0.920674609375   0.247334033203   0.85753125   
0.921037760417   0.24907195638   0.859319661458   
0.92249609375   0.245305729167   0.853888085937   
0.9148015625   0.227825309245   0.881886067708   
0.913039908854   0.229644205729   0.880266731771   
0.914701692708   0.234972867839   0.897551627604   
0.914924609375   0.231628027344   0.876204817708   
0.914853645833   0.241971582031   0.90295546875   
0.916976627604   0.231436246745   0.874520247396   
0.917001953125   0.243948063151   0.902977669271   
0.918596614583   0.24032726237   0.903073567708   
0.918669335937   0.240155501302   0.904872330729   
0.912941861979   0.227649983724   0.875928580729   
0.912959765625   0.227758740234   0.878048242187   
0.916677994792   0.229579150391   0.883529361979   
0.89618984375   0.268770491536   0.880111458333   
0.897928255208   0.243378059896   0.875833789062   
0.8905546875   0.245113476562   0.873720703125   
0.88908125   0.246769205729   0.875500651042   
0.91313671875   0.273916015625   0.887084635417   
0.909381184896   0.277550065104   0.890750325521   
0.901405013021   0.241478271484   0.879515429687   
0.897903841146   0.239839501953   0.874185677083   
0.890768294271   0.25812718099   0.879109895833   
0.897896875   0.239858170573   0.877829817708   
0.905159635417   0.254345198568   0.872095182292   
0.911201106771   0.261086523437   0.902469466146   
0.894192317708   0.273658691406   0.9020421875   
0.900130078125   0.264970442708   0.878792057292   
0.9050421875   0.24552047526   0.866618684896   
0.896049348958   0.245126904297   0.873878450521   
0.899700651042   0.245281770833   0.875766927083   
0.901674739583   0.271647965495   0.900563476563   
0.896099934896   0.271954264323   0.897047200521   
0.911331770833   0.270045865885   0.89864765625   
0.9092328125   0.275673990885   0.896684765625   
0.90541953125   0.279355598958   0.892890039062   
0.905080273437   0.247308251953   0.866750911458   
0.908835611979   0.249252229818   0.875596158854   
0.903453841146   0.243332584635   0.881568684896   
0.911004557292   0.272336246745   0.880427539062   
0.897904361979   0.2717859375   0.902202473958   
0.8940828125   0.275491503906   0.903761067708   
0.903514192708   0.277476302083   0.900516992188   
0.903427539062   0.270233251953   0.89854140625   
0.896314388021   0.268079833984   0.904227018229   
0.894716666667   0.262490332031   0.900716927083   
0.896418619792   0.264280419922   0.902306445312   
0.90140546875   0.264361767578   0.900624153646   
0.897919270833   0.266102604167   0.900561132812   
0.897844075521   0.275612304687   0.896641145833   
0.894590234375   0.260773144531   0.900738997396   
0.901630078125   0.271704280599   0.902377213542   
0.894423632813   0.269991813151   0.904168489583   
0.898035742187   0.241765771484   0.875956705729   
0.905403125   0.268367399089   0.900758268229   
0.905416341146   0.275304329427   0.898450260417   
0.905442708333   0.277323828125   0.898553320312   
0.901798111979   0.275273665365   0.904208333333   
0.901819401042   0.277128808594   0.904215690104   
0.914571940104   0.262889274089   0.897137630208   
0.908806380208   0.259486832682   0.887640820312   
0.914629817708   0.260945963542   0.89887890625   
0.894582682292   0.248629703776   0.879307421875   
0.894038411458   0.273677701823   0.893176041667   
0.912679557292   0.245311621094   0.874149153646   
0.892316276042   0.271986165365   0.898597721354   
0.892361914062   0.270193489583   0.902196354167   
0.890358398437   0.272178515625   0.896916927083   
0.890425585937   0.273701497396   0.902057942708   
0.901637890625   0.262927376302   0.893070963542   
0.914509960937   0.247323925781   0.870662760417   
0.905212890625   0.264517089844   0.894610677083   
0.894067317708   0.273617480469   0.896988671875   
0.916499869792   0.253049104818   0.868770117187   
0.908479492187   0.241332698568   0.862952669271   
0.892100065104   0.248772021484   0.86990625   
0.906780859375   0.249035009766   0.859155403646   
0.886684049479   0.263142626953   0.887471875   
0.899730859375   0.27944921875   0.89096796875   
0.912214257812   0.247355794271   0.859193229167   
0.899796549479   0.268931901042   0.878422070312   
0.907009505208   0.274518033854   0.876819010417   
0.894183528646   0.265229882812   0.878513606771   
0.907021419271   0.274321744792   0.878416341146   
0.909006966146   0.274324544271   0.878469205729   
0.914393619792   0.252208186849   0.884714778646   
0.912395442708   0.243286474609   0.867261653646   
0.906619205729   0.267125748698   0.869801041667   
0.908679036458   0.269267708333   0.871670182292   
0.920118554687   0.259352197266   0.893285286458   
0.885180924479   0.259584049479   0.889226367187   
0.900032552083   0.263226806641   0.876903059896   
0.897878385417   0.24331500651   0.883352669271   
0.903416536458   0.27957750651   0.898521223958   
0.894308658854   0.254593066406   0.867946549479   
0.910350585937   0.263484016927   0.867952669271   
0.89789375   0.27937828776   0.901956380208   
0.888861263021   0.254420182292   0.873347265625   
0.903515755208   0.263129378255   0.8928875   
0.897549739583   0.243513997396   0.866427929687   
0.914784635417   0.266871809896   0.882409700521   
0.907168684896   0.264631526693   0.892835872396   
0.899362955729   0.249051660156   0.862861393229   
0.914767903646   0.268419807943   0.889143489583   
0.9122734375   0.251020865885   0.859397721354   
0.896193164063   0.25720625   0.893244466146   
0.907102994792   0.239760400391   0.868712109375   
0.920206119792   0.250700065104   0.879137369792   
0.922103776042   0.254346695964   0.875703971354   
0.92376015625   0.255993343099   0.884037434896   
0.908934960938   0.251149511719   0.875603580729   
0.916444075521   0.261139404297   0.872477864583   
0.905390625   0.258898014323   0.896783072917   
0.907164388021   0.252882926432   0.8775   
0.912645507812   0.257894335937   0.87714609375   
0.908765820312   0.259476432292   0.879188867187   
0.914265104167   0.25787491862   0.872525260417   
0.885089192708   0.252417675781   0.880901106771   
0.900108854167   0.266398046875   0.893194075521   
0.920085872396   0.259476513672   0.891415104167   
0.920113085937   0.252399674479   0.882506445312   
0.912237434896   0.249203971354   0.861123828125   
0.903408203125   0.252696582031   0.873799348958   
0.910472916667   0.250940869141   0.867219010417   
0.908715820312   0.255798714193   0.887985677083   
0.908862044271   0.263109602865   0.875616471354   
0.910776692708   0.256622835286   0.868785351563   
0.916386588542   0.253012890625   0.874224544271   
0.892624283854   0.256289322917   0.877444856771   
0.905209114583   0.261376074219   0.878938736979   
0.9162859375   0.259980289714   0.866268294271   
0.901670638021   0.269997884115   0.894814388021   
0.903111914062   0.241908007812   0.864649804687   
0.9125109375   0.253185921224   0.863108984375   
0.914565104167   0.247362711589   0.8631828125   
0.916721354167   0.251065608724   0.868801757812   
0.912714453125   0.266473828125   0.895067447917   
0.916775585937   0.26505633138   0.87896171875   
0.907014908854   0.249135628255   0.875488085937   
0.90534609375   0.249122591146   0.873853645833   
0.918194075521   0.261320572917   0.891206835937   
0.907143619792   0.241445751953   0.876048958333   
0.905342838542   0.237851464844   0.870514583333   
0.909043880208   0.270561848958   0.880497981771   
0.906691471354   0.254445214844   0.868780533854   
0.900234765625   0.268281477865   0.884062304687   
0.905247916667   0.273658951823   0.890852604167   
0.891113671875   0.253927750651   0.889859635417   
0.90005390625   0.272329996745   0.883700911458   
0.901495703125   0.252652848307   0.866853059896   
0.906946223958   0.247549446615   0.870433789062   
0.909200585937   0.271683284505   0.892966731771   
0.910564322917   0.249386442057   0.873987760417   
0.901470638021   0.250887044271   0.866883268229   
0.905370638021   0.249276741536   0.872078776042   
0.903454166667   0.253771663411   0.887983984375   
0.899570703125   0.249113639323   0.872144986979   
0.907093424479   0.259863102214   0.87395625   
0.918539713542   0.26699436849   0.879097721354   
0.912273697917   0.249233268229   0.868893815104   
0.906896744792   0.258549365234   0.866485677083   
0.905513671875   0.259272005208   0.889229947917   
0.914355143229   0.256346240234   0.875802734375   
0.909023763021   0.271802490234   0.888962760417   
0.907176171875   0.251027018229   0.873694791667   
0.898232226562   0.252191617839   0.884620833333   
0.910750846354   0.268324527995   0.887372005208   
0.903430794271   0.253879248047   0.884372721354   
0.907242643229   0.254519677734   0.875663997396   
0.909082356771   0.259755973307   0.874023242187   
0.910412239583   0.250843277995   0.868981640625   
0.892575651042   0.257544352214   0.882762825521   
0.906796028646   0.265077294922   0.871863671875   
0.905547526042   0.277389583333   0.888717903646   
0.91093359375   0.270976497396   0.877015299479   
0.905364713542   0.263281038411   0.882431835937   
0.914460351562   0.257401334635   0.889522851562   
0.9065859375   0.252719091797   0.867060611979   
0.916419986979   0.261144710286   0.882370377604   
0.898447265625   0.254182877604   0.877570052083   
0.905347526042   0.275879654948   0.883648632812   
0.898272460937   0.254117985026   0.882686588542   
