8.025182220417207413e-01 4.890450661550940215e-01 9.838216591142235901e-01
8.025826137140874561e-01 4.890320074705009623e-01 9.865144867903521408e-01
8.025297778086496470e-01 4.899765411251692515e-01 9.837925359097091649e-01
8.025560955668575858e-01 4.909227446883532298e-01 9.837795106232865017e-01
8.035220374486975459e-01 4.948572161422690741e-01 9.818814258079650026e-01
8.035271807669259747e-01 4.948374110272725224e-01 9.828553832506804477e-01
8.044453632652159847e-01 4.928536599050939992e-01 9.941465698743124912e-01
8.044587225333418301e-01 4.947479707271699167e-01 9.941208532831701250e-01
8.044473671554348559e-01 4.975321423991090342e-01 9.864761456908309745e-01
8.044354106104621982e-01 4.975265315064961724e-01 9.874035460841278367e-01
8.054330807541011383e-01 4.985603050722451357e-01 9.941892527359745824e-01
8.063119870041011161e-01 4.832342186965611908e-01 9.999977957207556445e-01
8.063873332763309421e-01 4.985916325560002527e-01 9.961034354693877324e-01
8.063485913987659126e-01 4.994983928800426631e-01 9.932569094134711118e-01
8.072307038731161288e-01 4.786770717552992216e-01 1.742191679989790742e-03
8.082290419801612114e-01 4.749193434186884666e-01 3.636405569094836032e-03
8.082146807669259303e-01 4.758254691774948530e-01 2.659942480836119394e-03
8.082200912705169715e-01 4.777166739697315534e-01 1.690381202749891010e-03
8.084552143895319398e-01 4.782973679569921255e-01 9.721501341270485375e-01
8.084856735208589829e-01 4.782992382545297461e-01 9.731419929890525733e-01
8.083275665825894185e-01 4.833375526355147001e-01 9.412953367637921787e-04
8.083196846143951841e-01 4.842500574448512229e-01 9.586854770310404561e-04
8.091579786892926229e-01 4.730334489355318417e-01 4.557420910627829613e-03
8.091448198101885980e-01 4.730598000919100654e-01 5.522055567207750926e-03
8.092790136585128469e-01 4.861438338962020822e-01 1.936026050030070778e-03
8.101558492219532726e-01 4.730272368758532964e-01 3.586335710559440670e-03
8.121199956181571755e-01 4.739299894194579643e-01 1.643167801007705542e-03
8.123098976145661787e-01 4.743704444895673888e-01 9.740893654881975783e-01
8.123165104522884761e-01 4.743958938953471427e-01 9.750655272101538262e-01
8.121516570836154747e-01 5.043184836161918039e-01 9.760992673777324491e-01
8.178660172281092544e-01 5.014406634746904068e-01 9.999231842082727528e-01
8.187819954471584616e-01 5.033383475119681538e-01 1.275810106016184164e-05
8.188196017869328047e-01 5.052405403022383057e-01 9.990383998802974119e-01
8.198026435319738514e-01 5.033377797430726996e-01 9.999966601829649582e-01
8.198129301684307091e-01 5.062489980548887658e-01 9.990701281420962809e-01
8.198134645391557118e-01 5.062570804121049317e-01 6.592798820104217583e-05
8.207953707464060722e-01 5.062428527915509013e-01 4.575549333107886696e-05
8.207739291210640609e-01 5.072301695023921919e-01 9.990785444810156291e-01
8.216525013893609675e-01 4.669428250042733097e-01 9.842133528556736843e-01
8.217713988756810695e-01 5.062164014406617119e-01 4.448636285914187027e-05
8.217420752821448238e-01 5.071988754168073044e-01 5.831320536930917342e-05
8.228191662747919022e-01 4.468360577334115069e-01 2.357202783002732005e-02
8.238465607900107290e-01 4.448827991407302562e-01 2.355918623354125163e-02
8.237979998503732748e-01 4.449630215458260651e-01 2.751910500585130759e-02
8.238197754574183573e-01 4.467876637846256438e-01 1.963131718041954965e-02
8.235855874871721438e-01 4.660501587081036790e-01 9.869735780394971458e-01
8.236897897785537825e-01 5.082167848516568887e-01 9.962083057241756245e-01
8.246370286850175368e-01 5.082211600119680428e-01 9.961777130001674418e-01
8.258190567287931882e-01 4.429686832036577870e-01 3.226006295221106601e-02
8.257682915099149312e-01 4.458005808609765142e-01 2.062552226388825183e-02
8.256967526291010273e-01 4.487285984524607696e-01 1.570101945410018462e-02
8.254530127821447794e-01 5.024377324512635523e-01 5.343707250360374417e-06
8.255185399923020695e-01 5.072435955668586072e-01 9.991065321477392569e-01
8.267304260003390803e-01 4.476796287192186252e-01 1.675609165927449684e-02
8.264510837038273605e-01 5.072362145712191461e-01 1.992993935351461410e-03
8.264859513936358981e-01 5.072293011499640070e-01 7.314199298902313018e-05
8.276253633720900282e-01 4.420646615295811821e-01 3.317949996927360701e-02
8.276275008549901502e-01 4.420764176855319083e-01 3.408094580946463559e-02
8.276357836012282476e-01 4.496332212936030581e-01 1.287612393192649751e-02
8.305611293390873229e-01 4.429587639470743410e-01 2.740241806092880150e-02
8.322484049033828102e-01 4.632113810277000976e-01 4.501079567154064875e-04
8.332349868544771665e-01 4.642002674525462225e-01 9.994481954300580284e-01
8.342259773640531284e-01 4.631694663239552257e-01 3.640523524356398255e-04
8.361578611277329376e-01 4.641543783665338929e-01 3.040594539303054233e-04
8.429834451949353991e-01 4.582946693848307662e-01 1.322087184838172114e-03
8.496955422794086887e-01 4.552650879574197118e-01 9.859088443698664772e-01
8.524894996152500015e-01 4.563540353005284822e-01 4.542324024414678973e-04
8.524684587679518533e-01 4.562736125064107973e-01 9.983513995169253086e-01
8.525013893638820894e-01 4.573490001923718462e-01 9.994443880386421064e-01
8.543919261927124253e-01 4.533646318720058743e-01 9.867857467296475837e-01
8.544247231959614108e-01 4.563608819254429405e-01 9.994188718365217827e-01
8.572467349948669213e-01 4.428394656827104314e-01 1.789143323572151001e-02
8.599645445023909041e-01 4.437831309849505357e-01 1.503008361064939180e-02
8.621014262354620428e-01 4.544694099478437943e-01 1.896444652050854884e-04
8.630474628077944299e-01 4.545605201564621445e-01 1.853324646173826196e-04
8.630276910909682186e-01 4.545051125919101209e-01 9.991952376880949283e-01
8.645233279539982219e-01 4.429029556044785654e-01 1.595012805693452052e-02
8.654922088748259190e-01 4.428847536016570774e-01 1.593956275449404103e-02
8.658569836910023909e-01 4.535510604587021932e-01 2.044439641949447051e-04
8.678320846870694050e-01 4.496013928372931678e-01 3.230257725748253428e-03
8.678193265860092431e-01 4.535625494292904181e-01 9.991779374358719101e-01
8.705441497092991643e-01 4.467909368053164521e-01 7.047961087624732279e-03
8.706279123204483383e-01 4.487317712786406676e-01 4.116046347141910644e-03
8.715677368331021801e-01 4.487274629146700833e-01 4.090710703879785193e-03
8.735161860892581842e-01 4.457883571306413550e-01 8.051399721492602524e-03
8.734012295870351439e-01 4.534985251367972814e-01 9.993739846956188888e-01
8.743600242604278039e-01 4.535250432840270962e-01 9.993742518809813902e-01
8.743955599136425949e-01 4.545652292984764808e-01 9.994063809208240112e-01
8.752975776975002731e-01 4.486560576265373745e-01 4.126216350925915322e-03
8.752974441048190224e-01 4.525404318249812707e-01 9.993401189509197868e-01
8.762120196007150419e-01 4.515878826094374965e-01 2.986926223609298603e-04
8.790752447417888860e-01 4.515858119228779999e-01 3.196364062266754402e-04
8.798993779924728642e-01 4.375375729416023929e-01 4.318488625919103541e-02
8.801061794630611335e-01 4.447498410247077150e-01 9.138822751234343400e-03
8.800343066005440473e-01 4.526048902936885554e-01 9.992799354480128571e-01
8.838497135772882540e-01 4.457080345310346359e-01 8.183352761327311597e-03
8.848741022571787740e-01 4.438277175423205878e-01 1.213235711594773392e-02
8.848369634917888638e-01 4.447397881754430182e-01 1.021285676760486094e-02
8.858287555574523298e-01 4.535339271973308217e-01 1.706189887468179123e-04
8.868322369827259521e-01 4.466937481297008627e-01 7.241570280938747217e-03
8.878720556173018696e-01 4.457838483776488947e-01 9.241549260965209456e-03
8.877543604651131348e-01 4.545173363222452800e-01 1.714909288690336098e-04
8.887275163517409649e-01 4.880929177175939992e-01 9.999531089688746821e-01
8.897601877778695822e-01 4.466937481297008627e-01 8.285303285444745036e-03
8.896577221913443134e-01 4.920383771695434061e-01 9.999364766800580284e-01
8.901711856617615659e-01 4.404884014834115624e-01 4.594385483685647920e-02
8.906756984225344675e-01 4.457637092809491608e-01 1.023372123081600638e-02
8.916875961867273270e-01 4.467279144579327510e-01 9.270158968611053041e-03
8.917024917706876108e-01 4.486077972704327066e-01 6.306551973731644445e-03
8.915597479907628742e-01 4.535497245318896309e-01 2.443833488119384612e-04
8.925564161892922677e-01 4.411015918903882782e-01 2.076263845211501202e-02
8.926573454599830981e-01 4.495944126196974588e-01 5.279482046980477072e-03
8.935105351188408207e-01 4.411076035610449475e-01 2.076654186327053786e-02
8.935691823059133121e-01 4.525644451094374965e-01 1.309052505180097192e-03
8.945299140731841625e-01 4.430232892121221955e-01 1.694773662269677406e-02
8.945446092681226258e-01 4.515326086375667791e-01 3.314039123368139883e-03
8.945440081010569422e-01 4.535758419010756937e-01 2.874262844978492382e-04
8.945484834558791176e-01 4.545512688632849518e-01 2.822055699235326287e-04
8.945466131583414970e-01 4.545333340458260207e-01 9.993095930232522850e-01
8.946011857686356761e-01 5.043120043711507572e-01 9.779355655779718992e-01
8.955624519066315292e-01 4.515291686260243798e-01 4.356700516268907641e-03
8.955702002821445129e-01 4.535723016950223285e-01 1.295494544033104489e-03
8.955592456822812908e-01 4.545554102364040006e-01 3.007576012252766162e-04
8.956229025949010714e-01 5.042999476316671892e-01 9.769533921853590375e-01
8.965857050487313629e-01 4.535968493502035570e-01 2.320716482180684714e-03
8.965806953231841847e-01 4.545638599734935781e-01 1.317709676218137282e-03
8.965666680916520859e-01 4.555370826564621445e-01 3.135616573850530386e-04
8.974139796725344453e-01 4.440324483263493049e-01 2.074712500200381893e-02
8.975911903642238565e-01 4.545999967937739972e-01 2.337826782310092888e-03
8.975477059464742613e-01 4.565139457399949308e-01 9.994123925914807360e-01
8.985290777829995079e-01 4.574642238799573324e-01 3.846333225839826397e-04
8.985361581951062382e-01 4.574752786743314648e-01 9.994323646973288788e-01
9.001132197973633620e-01 4.774818180360789754e-01 9.998782302710292891e-01
9.014421997905234241e-01 4.604026950987500366e-01 4.384114543325434710e-04
9.023625197717135560e-01 4.623055892505968378e-01 4.181145643241679366e-04
9.020660108156602908e-01 4.986424645712191350e-01 9.998207854180880538e-01
9.020746275436014594e-01 4.996576687542731987e-01 9.988038779283480162e-01
9.033239195023907708e-01 4.632241391287603149e-01 4.406741477559483755e-04
9.040359684934987650e-01 4.986923614376692071e-01 9.997732932199007161e-01
9.052904037705166163e-01 4.661232339047520767e-01 9.995883341526982102e-01
9.052553356916862581e-01 4.670964231895503027e-01 9.996270760302631286e-01
9.052109829215083669e-01 4.680597934122760484e-01 9.996517238799553784e-01
9.050056509704139662e-01 4.839748899196288923e-01 9.998411583019800597e-01
9.049397897785534939e-01 4.986784344006480185e-01 6.833278692535138532e-04
9.050383811773223819e-01 5.014602348024947975e-01 9.873429618031770438e-01
9.062463929976027899e-01 4.642377068014689190e-01 2.493033820072709794e-03
9.062244837978763456e-01 4.670394459109935559e-01 9.995896700795108281e-01
9.068505658985945850e-01 4.908574512653881006e-01 5.566033390739244524e-04
9.080788838064263180e-01 4.688929107707746624e-01 9.995647550444560769e-01
9.077577937970213728e-01 4.986981727193039449e-01 1.622516512055360849e-03
9.090011408814946403e-01 4.698193426171323739e-01 5.538571223351329564e-04
9.087565326821103184e-01 4.977660631839927463e-01 6.732636045985174178e-04
9.099920645947300324e-01 4.717278142634216964e-01 5.460689560332632198e-04
9.097628195536903162e-01 4.976979643147211863e-01 2.674564878200169638e-03
9.098029641544085333e-01 4.977182370041021708e-01 9.996728315235942075e-01
9.097316256626164499e-01 4.986845796639858830e-01 9.977777525436011263e-01
9.108163982344358311e-01 4.967234391031103979e-01 6.398632816674298951e-04
9.107952237944564322e-01 4.976603579749468986e-01 9.987234551342303313e-01
9.107127303137791952e-01 4.986405942736815144e-01 9.948594204215081005e-01
9.118353096143948511e-01 4.774260764898238807e-01 9.997445707934300430e-01
9.118323705754071140e-01 4.783832346528710810e-01 9.997568613201058829e-01
9.117329108242101521e-01 4.976294312692355892e-01 9.948695066689431377e-01
9.128876191646684291e-01 4.622352193057439051e-01 1.398076945877591015e-02
9.127890945622402219e-01 4.774180943271186806e-01 9.997329482301605674e-01
9.127041964133004726e-01 4.819388372627376738e-01 9.997714897187036653e-01
9.127324512653866018e-01 4.956512242433293025e-01 9.948816636029376159e-01
9.127128131412416412e-01 4.956886635922519990e-01 9.958825399709266835e-01
9.138557653257490809e-01 4.641073203445605921e-01 1.301105462738327834e-02
9.137543684806739286e-01 4.764666806493655926e-01 6.428040166559512159e-04
9.137768120511252645e-01 4.764567279946118616e-01 9.996506551385052619e-01
9.137271155736971240e-01 4.773815567287944539e-01 9.996825837893260625e-01
9.136385436260227033e-01 4.810480078659353231e-01 9.997399618459266168e-01
9.136386104223633842e-01 4.819544008101042665e-01 9.997396278642235457e-01
9.137096817287928552e-01 4.908739165633532187e-01 6.313950190303119214e-04
9.137041376325206743e-01 4.918295050123956402e-01 6.411005142775705323e-04
9.148044069553661339e-01 4.650167525222281828e-01 1.395787396933245716e-02
9.146653369741759576e-01 4.782764941005454573e-01 9.996406356874109056e-01
9.146228545015356870e-01 4.801463240637807717e-01 9.996743010430880760e-01
9.146004777274249209e-01 4.810413616300427408e-01 9.996893302197296105e-01
9.146617299717819671e-01 4.908835686345741633e-01 6.670546759984796736e-04
9.146485042963373724e-01 4.908840028107882558e-01 9.997010863756804477e-01
9.155074384404892074e-01 4.537428995489894978e-01 3.687613887760754494e-02
9.155694922409337577e-01 4.537612351444922365e-01 3.883105902926198283e-02
9.155616770690802042e-01 4.537257996857884113e-01 3.977846492657732824e-02
9.155682231104618207e-01 4.801043425636952744e-01 6.049994404763170408e-04
9.155783761542375387e-01 4.810320769386952633e-01 9.996234690278692492e-01
9.155887295870350773e-01 4.819426112559831998e-01 9.996236694168910697e-01
9.156074993587518529e-01 4.839241247007506352e-01 6.197816533037858733e-04
9.165471902787244440e-01 4.556602551085824904e-01 4.069613392799875662e-02
9.165074464560500900e-01 4.810166469840099213e-01 2.520151829752181882e-03
9.165604827505097196e-01 4.829604204963218184e-01 1.599667597404041963e-03
9.175641645648051625e-01 4.716855321798033573e-01 1.866730195552956939e-02
9.184309138808106621e-01 4.880269563312226166e-01 1.219170879567532673e-02
9.184309806771513429e-01 4.889527870105146445e-01 1.125749517563423563e-02
9.183567699427122033e-01 4.909065465757506130e-01 1.223175633296103015e-02
