1.150330090816300554e-01 4.952290713705522762e-01 4.015356144728952636e-01
1.150396970652355633e-01 4.952349828466979798e-01 4.034862680082920150e-01
1.150162348505895382e-01 4.998905875940474752e-01 4.014936329728097664e-01
1.150197333089299917e-01 4.998194160931069829e-01 4.034462570002550486e-01
1.150073926849987382e-01 5.008107405843860160e-01 4.024401037213563015e-01
1.150091878366531484e-01 5.017525355890884997e-01 4.024484866621052537e-01
1.160442639310443891e-01 4.913922895648067390e-01 4.025536575004260431e-01
1.160252603721353554e-01 4.913259274003915489e-01 4.055352457570949865e-01
1.159842056712760833e-01 4.933574713042903070e-01 3.987028150649780667e-01
1.160211356981015046e-01 4.933001266458600931e-01 4.055355463406278282e-01
1.159956528941514381e-01 4.942545461589414324e-01 3.977645936644992330e-01
1.159800559486144911e-01 4.961976851060173610e-01 3.978084120639520660e-01
1.160461509276671660e-01 4.998818038752547155e-01 4.055384185832748845e-01
1.160690286743326916e-01 5.037894565984079032e-01 4.035061065214589071e-01
1.160106653717078579e-01 5.046072107985618560e-01 3.996463467745368647e-01
1.160720428592035836e-01 5.046923427346937663e-01 4.025818121580013176e-01
1.169694683946430475e-01 4.884077288709797737e-01 4.055290336974164411e-01
1.169717979170224881e-01 4.883944363991945536e-01 4.065499489675942768e-01
1.169168996745678091e-01 4.951644459109934560e-01 3.958320419374130594e-01
1.170533312003031040e-01 4.961244429185173721e-01 4.065215605228268414e-01
1.168499947898850172e-01 4.998671086803162522e-01 3.968693223110451029e-01
1.179728579749482753e-01 4.863179051598819913e-01 4.066052563376353346e-01
1.179426827280690010e-01 4.873640360486473644e-01 4.045250179014178160e-01
1.180118837369609347e-01 4.873443645263320634e-01 4.076173878890204105e-01
1.179503977054116859e-01 4.913261945857540502e-01 3.966961527979637192e-01
1.179450205999910267e-01 4.922488858370365206e-01 3.957659803565307111e-01
1.189326044961948603e-01 4.853595112645331389e-01 4.076184566304704715e-01
1.188585273544369852e-01 4.970322719840098435e-01 3.928995155929363436e-01
1.188718615739351031e-01 4.979796444831548485e-01 3.928944724692188251e-01
1.199129493389829854e-01 4.843983453210481960e-01 4.046003307754773570e-01
1.199091419475671189e-01 4.843916322888149328e-01 4.076283090907132922e-01
1.198788665061768927e-01 4.853984869292903293e-01 4.025873228561032136e-01
1.198124124967933496e-01 4.931966257160549927e-01 3.919632312863358115e-01
1.197157915900731034e-01 5.007243729159523982e-01 3.919933898341299017e-01
1.208219473404364697e-01 4.834617604309148220e-01 4.066365170250498262e-01
1.206435760623285752e-01 4.980120407083600265e-01 3.910930085606176276e-01
1.206557496954082515e-01 5.007101452953983678e-01 3.911042637440136360e-01
1.217873632010939566e-01 4.824546386050769242e-01 4.045660976509048434e-01
1.227412232948225795e-01 4.855053276761268632e-01 3.948972939466470211e-01
1.227251003281031871e-01 4.865243726487670783e-01 3.928800444596429187e-01
1.227443710723747361e-01 4.874774562350358553e-01 3.909185031207236261e-01
1.237488377436726100e-01 4.874503369207404124e-01 3.899614785503576764e-01
1.236919690091693586e-01 4.892616198914140901e-01 3.890641699085143346e-01
1.246304909931809785e-01 4.805729856895502583e-01 4.017089843749985789e-01
1.247394024265770091e-01 4.845049188825222286e-01 3.918841110208604039e-01
1.256159207073995199e-01 4.795542413004428850e-01 4.085035081438083693e-01
1.265616149484861952e-01 4.795949870682267302e-01 3.998136048114726004e-01
1.265896777610930890e-01 4.844803378291706597e-01 3.889762325260758824e-01
1.264946599665479343e-01 4.968860881925427075e-01 3.853333938953474314e-01
1.276035961145899900e-01 4.776039217467493159e-01 4.065291419074882895e-01
1.275769443746789245e-01 4.776214223879942100e-01 4.084699763808125050e-01
1.276194769445746224e-01 4.796409429505796851e-01 4.105426668305388604e-01
1.274885644664838225e-01 4.864136911123443374e-01 3.871023947824028810e-01
1.274657117684460106e-01 4.948916830540338041e-01 3.843539257545300902e-01
1.274590154352979454e-01 4.958367844775973809e-01 3.843761021396189803e-01
1.285854522245848675e-01 4.776493432583772125e-01 4.094832434699882673e-01
1.285908710777184105e-01 4.786405341569750505e-01 4.105163156741606367e-01
1.284529032361486633e-01 4.854268419758874797e-01 3.870808195643796190e-01
1.284018541328227347e-01 4.900678517228094777e-01 3.843648135580526870e-01
1.284659452216565245e-01 4.919397523726042332e-01 3.833745912063939998e-01
1.283420881070446717e-01 4.986802045036746733e-01 3.843918994741778450e-01
1.294809907634015544e-01 4.766800615595058188e-01 4.065651451350874579e-01
1.292825805831048780e-01 4.872850493758532631e-01 3.852497314787092786e-01
1.293186673061298420e-01 5.064446779347622218e-01 3.854252722618830007e-01
1.304381823246190675e-01 4.766837687564107195e-01 4.055854098089075599e-01
1.302790734412401230e-01 5.044899498225871026e-01 3.844148106190136693e-01
1.313762784819591800e-01 4.766436241556925579e-01 4.075233386414144343e-01
1.311743781928646213e-01 4.901427304206548707e-01 3.824307923114726449e-01
1.320612666055697992e-01 4.892237797644476416e-01 3.824608172665854844e-01
1.321590063509955892e-01 5.161337543284010287e-01 3.865614112196463781e-01
1.330769884602637232e-01 4.816598623460995321e-01 3.880485315492462339e-01
1.331103114846951541e-01 5.161001223708941987e-01 3.856164099905937115e-01
1.340139073321002516e-01 4.816512456181583079e-01 3.871307164308296911e-01
1.340354324528680308e-01 4.825521946605659807e-01 3.862451639449370755e-01
1.340401248957972247e-01 5.151395241963045990e-01 3.845996360935348690e-01
1.340377369266197438e-01 5.170506676962191017e-01 3.856093295784869812e-01
1.359262197679757533e-01 4.807245465864380951e-01 3.880786900970403241e-01
1.368626293177149789e-01 4.844181504360448032e-01 3.834507390347113298e-01
1.368078813670267069e-01 4.883461426449196008e-01 3.815140459345061630e-01
1.377994062473276438e-01 4.854085063803847411e-01 3.824752452761614463e-01
1.379109310875508143e-01 5.131891378462704045e-01 3.816120695643795968e-01
1.389821774003927868e-01 4.766685057925769686e-01 3.970361127735964057e-01
1.388675632294155415e-01 5.170162675807949970e-01 3.825725341462879459e-01
1.397063165291547726e-01 4.806776221571460450e-01 3.853384370190649499e-01
1.396644352235802133e-01 4.844163135366774675e-01 3.825506583447318976e-01
1.396079839662058841e-01 4.863750494292903293e-01 3.815819444147557915e-01
1.398335802571386843e-01 5.112181114269817028e-01 3.806098906677483074e-01
1.414929182519659712e-01 4.853773124893108748e-01 3.816513458126696290e-01
1.427507768414409961e-01 5.150678517228093334e-01 3.806054821092667573e-01
1.436707461418428589e-01 5.228690631412430401e-01 3.826251362645335385e-01
1.446267520680141749e-01 5.237958957656444481e-01 3.826534913111306335e-01
1.473576870564717589e-01 5.055435952996732984e-01 3.787048590330013842e-01
1.531108391757860510e-01 5.294135682070774118e-01 3.826152170079500925e-01
1.549769786412015793e-01 5.303764374572484952e-01 3.826376271802311990e-01
1.569576070344556595e-01 5.141558478860275283e-01 3.767767492625670456e-01
1.597570082720582429e-01 4.979522913816671892e-01 3.759050570173549932e-01
1.597276345812665144e-01 4.988936856083258653e-01 3.759228248439623887e-01
1.625641077879183549e-01 5.303581686580863819e-01 3.826633437713734542e-01
1.644482989643889503e-01 5.322275978432778887e-01 3.844834772571805726e-01
1.654075779112511302e-01 5.322162424653709145e-01 3.844791020968693629e-01
1.653998128366529763e-01 5.331522261884386049e-01 3.854042982109254223e-01
1.664323005728448324e-01 5.312737794972620664e-01 3.835551751132852405e-01
1.663868122648762826e-01 5.322059558289139458e-01 3.844766640304363992e-01
1.685570754691768924e-01 5.018777453295980573e-01 3.749388145519822468e-01
1.684907467029320149e-01 5.056740151547519657e-01 3.748860120447147781e-01
1.713328808994522001e-01 5.065608033729461779e-01 3.748591933139521215e-01
1.723072892174668802e-01 5.093558628484078366e-01 3.748583249615239921e-01
1.752761861694162593e-01 4.844761964560516110e-01 3.749916838555902854e-01
1.759192512397394492e-01 5.446125745447142341e-01 3.998697471357715028e-01
1.759289033109603939e-01 5.445717619805896526e-01 4.045812938183980245e-01
1.759416948101908962e-01 5.455389395947313202e-01 4.017365378655081143e-01
1.759549371847206334e-01 5.455260479009897967e-01 4.035971833319069169e-01
1.769286775393290601e-01 5.455802865295807935e-01 4.017364376709972040e-01
1.769298965725455419e-01 5.455621847212702713e-01 4.036071359866606478e-01
1.780437589507090079e-01 4.815586658900461448e-01 3.759356831395335163e-01
1.780934721272223464e-01 4.844541536636439716e-01 3.749668690150465555e-01
1.778243997680824806e-01 5.417643117839412437e-01 3.941569567052824463e-01
1.789090721453909516e-01 4.747143788474675330e-01 3.799643708319069835e-01
1.789090387472206389e-01 4.766728141565475529e-01 3.779917746986135585e-01
1.788401884191170021e-01 5.407614315257333049e-01 3.930915216740751839e-01
1.788462000897736437e-01 5.417800757203298234e-01 3.941513458126695846e-01
1.789127292450403972e-01 5.426564103112155868e-01 4.075710980249643289e-01
1.789264391939545673e-01 5.436195133485787201e-01 4.066104330540341039e-01
1.789258213278037413e-01 5.446129753227579862e-01 4.055696792706893761e-01
1.798935166135851860e-01 5.271755902124639626e-01 3.833585600846429742e-01
1.798758155833184436e-01 5.417852858348989331e-01 3.941334777915512788e-01
1.809596864045393549e-01 5.065182207057949970e-01 3.768523961183297133e-01
1.807976551812578991e-01 5.290800874764858275e-01 3.852514347853953636e-01
1.808192303992811611e-01 5.418027530779734313e-01 3.950921388722626326e-01
1.809161351904490789e-01 5.426834628291704599e-01 4.076050639641743412e-01
1.808981836739049498e-01 5.436570528920123824e-01 4.066098986833091011e-01
1.817631461877985966e-01 4.767075148555044439e-01 3.779527656356860832e-01
1.819213533205790434e-01 5.084828012782129925e-01 3.778594511478269857e-01
1.817756872007517399e-01 5.290552726359419866e-01 3.862102294587879681e-01
1.827028538068563857e-01 4.835055120340269741e-01 3.749667688205355898e-01
1.829538744549412121e-01 5.206272777552135578e-01 3.824750114889692298e-01
1.827802039693050828e-01 5.389411644472450469e-01 3.949955513637126714e-01
1.829028420507004260e-01 5.426759148426792967e-01 4.066624674033842979e-01
1.838199558075403750e-01 5.369359716997245124e-01 3.948925180082920039e-01
1.837983137931764877e-01 5.379706804142422305e-01 3.959334721806586632e-01
1.845694942448266318e-01 4.835530376303847078e-01 3.749300308331894871e-01
1.848170414831987185e-01 5.380277912854802835e-01 3.979604739333946206e-01
1.868569683278464566e-01 5.350282014150117282e-01 3.988451246686887108e-01
1.877841516330362726e-01 5.350730551577442817e-01 4.007728002629089570e-01
1.877259386221778459e-01 5.360949389748612681e-01 4.017628556237160531e-01
1.876652708458013130e-01 5.370675604907642064e-01 4.047730995105149887e-01
1.887428795100882517e-01 5.350356492069919812e-01 4.027878454706723121e-01
1.906557931130294092e-01 5.331621120468517105e-01 4.056748835071805059e-01
1.922524761403464344e-01 4.766559480805386273e-01 4.085965554463049654e-01
1.932350503110030759e-01 4.766603566390201774e-01 4.085583145412947093e-01
1.932396091612510192e-01 4.786174560212876350e-01 3.789407503099336827e-01
1.934101235197923929e-01 5.282339448315644947e-01 4.125505314316845751e-01
1.934771369485287218e-01 5.292356227556410664e-01 4.115219345823343811e-01
1.945190429687493061e-01 5.282325755065815365e-01 4.104629453979978249e-01
1.944793325442452092e-01 5.282706828189105419e-01 4.114819569724677550e-01
1.951802766437236436e-01 4.776022518382335713e-01 4.123985029604123609e-01
1.961785646535133265e-01 4.786149511585140459e-01 4.134096325666880012e-01
1.961156925978960186e-01 4.806918163795297350e-01 3.778929495126525651e-01
1.963751629830704226e-01 5.102529043048887880e-01 3.931368763893624552e-01
1.963331647838997829e-01 5.195767717061370305e-01 4.182781506497932900e-01
1.970817012760765763e-01 4.776388562328984233e-01 4.124027445280423199e-01
1.971239332624394325e-01 5.121700594754599045e-01 4.220332739291195456e-01
1.972234097127215924e-01 5.157838750961848406e-01 4.201997811751865819e-01
1.973201976102934019e-01 5.186453969305726552e-01 4.182544713470402464e-01
1.973892817255892274e-01 5.223596742476040999e-01 4.065563948144650386e-01
1.980207743298983969e-01 4.786140494079155205e-01 4.134284357365751172e-01
1.983454713416973048e-01 5.195609075752375405e-01 4.163574552731688083e-01
1.983570271086261827e-01 5.203985002885582745e-01 4.066040206053336825e-01
1.983845972982209160e-01 5.213662122734249449e-01 4.075849582656448922e-01
1.989571087337544120e-01 4.767348011606515334e-01 3.828149714646019164e-01
1.989196860839168579e-01 4.775969081309832664e-01 4.114702008165169733e-01
1.990801475931935349e-01 4.817946239633190686e-01 3.779849948700396700e-01
1.990809157511107819e-01 4.847457864868313648e-01 3.780202299397216192e-01
1.993038485379609870e-01 5.195284779518620777e-01 4.143829220459971374e-01
1.999399166916032422e-01 4.757362626645844639e-01 3.858245139898242027e-01
1.999811968301121456e-01 4.777459975632677991e-01 3.818360710926799184e-01
2.000312940855840937e-01 4.787179511157643730e-01 3.809060322439281610e-01
2.000217088107038022e-01 4.827838443698683202e-01 3.789263890966983461e-01
2.000645419641323142e-01 4.856730532874469763e-01 3.789552451158502144e-01
2.002592532970666472e-01 5.149386008036916929e-01 4.182360021588562571e-01
2.002683542984773912e-01 5.186097944810172944e-01 4.094301069810176719e-01
2.002806281260680332e-01 5.186097610828469540e-01 4.104481834067187918e-01
2.002790250138929140e-01 5.186106962316158198e-01 4.114088483776490168e-01
2.002772716099514017e-01 5.186054861170467101e-01 4.123898528343008518e-01
2.007319042033594014e-01 4.775756334964927907e-01 4.105622715565135916e-01
2.008068663966306178e-01 4.977484957464072268e-01 4.220225197182782551e-01
2.018835399121487184e-01 4.757835210755796962e-01 3.878057268510587963e-01
2.018714831726651504e-01 4.757064714966638408e-01 4.037427993544787097e-01
2.019911655159876418e-01 4.768353630514688968e-01 3.847916755728440497e-01
2.019682543711518175e-01 4.777902835371050094e-01 3.828422243715786655e-01
2.019619421169623341e-01 4.787335146631309657e-01 3.818923470096600714e-01
2.019676365050009914e-01 4.807782842424743186e-01 3.809009891202106979e-01
2.017941330102164532e-01 4.977520025542903070e-01 4.220123332763322521e-01
2.028212102428173236e-01 4.757279799183464775e-01 4.037504475354807831e-01
2.029579256530003040e-01 4.807715378120707705e-01 3.818923804078303563e-01
2.028184548937663756e-01 5.017916114483566004e-01 4.220176101872419872e-01
2.029125041413723796e-01 5.076202935298373964e-01 4.210162662448685422e-01
2.037357022432875753e-01 4.757411721956207318e-01 4.028518697631654488e-01
2.038218194254438620e-01 4.767853325923375740e-01 3.866927328253235152e-01
2.039173047943734218e-01 4.817924530822486062e-01 3.838276039885417101e-01
2.037475919919195799e-01 4.910155916018279498e-01 4.210471929505799071e-01
2.038956794790946769e-01 5.066911898298545047e-01 4.199870348302823797e-01
2.039235168540519394e-01 5.076029932776144893e-01 4.190390945622419760e-01
2.047705445504865995e-01 4.757600755600188136e-01 4.008810771310690191e-01
2.047559328509739596e-01 4.757699614184319747e-01 4.018702975376182707e-01
2.047988828979985798e-01 4.777748535824196119e-01 3.876129860101730218e-01
2.048538228881661705e-01 4.787741936345741856e-01 3.857193431515034132e-01
2.048462749016750628e-01 4.837772729458771903e-01 3.857009741578303341e-01
2.047906168508457081e-01 4.977281896588559573e-01 4.219411617753917598e-01
2.047673383261364166e-01 5.007845898170296683e-01 4.219814399687912276e-01
2.048356375844298527e-01 5.047814824512635301e-01 4.199575442458945429e-01
2.057129240231695688e-01 4.766878433331891429e-01 3.990348930724165188e-01
2.056538760580532976e-01 4.766539441903197560e-01 4.036863564466469656e-01
2.058162746612082206e-01 4.807781172516227830e-01 3.885044165740410005e-01
2.058172098099770309e-01 4.817646658045468544e-01 3.885106286337195458e-01
2.054939322204165086e-01 4.814490196969031799e-01 4.134582269044957958e-01
2.058060047238364776e-01 5.038071576286746733e-01 4.189650174204841426e-01
2.067171068100197850e-01 4.777234537983053864e-01 3.990055694788802176e-01
2.065826958735885177e-01 4.776102006027684865e-01 4.045954546426114296e-01
2.066678946060611644e-01 4.958426291574024591e-01 4.210293917258021712e-01
2.067174574908080820e-01 4.977584484011610133e-01 4.209931547110107863e-01
2.067377134811039241e-01 4.999540775158156092e-01 4.083352147635929130e-01
2.077149606435953477e-01 4.787737260601898082e-01 3.989499281271360331e-01
2.075561189455789324e-01 4.786129806664654596e-01 4.045554436345744631e-01
2.074387243769229838e-01 4.824474246002889433e-01 4.124773226423548711e-01
2.078160903033080820e-01 4.913479367946289034e-01 3.997593661828816036e-01
2.085686846731781285e-01 4.796345639000496042e-01 4.035707319810177274e-01
2.085261187051121179e-01 4.824735753676453465e-01 4.104410361982714361e-01
2.084471320323179888e-01 4.834059520883190464e-01 4.124253884875156428e-01
2.083773131572752568e-01 4.882684918989380618e-01 4.173950028321633532e-01
2.095762907724855739e-01 4.806809285760071937e-01 4.007181274581039232e-01
2.095552833233576551e-01 4.817447270968689965e-01 4.007180272635929574e-01
2.095806659327967836e-01 4.816290024367287925e-01 4.044883801085826791e-01
2.095158734823864000e-01 4.834517075816501253e-01 4.094093667172523099e-01
2.094742593621743421e-01 4.853249441582574986e-01 4.133255025756654155e-01
2.094800873428942500e-01 4.863399145541193458e-01 4.143315222618829119e-01
2.094123057562407020e-01 4.921421452847109523e-01 4.191712845203473536e-01
2.095070730645084700e-01 4.940397291274777336e-01 4.191129045186373636e-01
2.095605769333525326e-01 4.950497565941329725e-01 4.190654791167905402e-01
2.105467915045734495e-01 4.864305571883532631e-01 4.103008640774609139e-01
2.105248990039322032e-01 4.864343979779394145e-01 4.113025086033672006e-01
2.105571282382858456e-01 4.874532759597280940e-01 4.113094888209629651e-01
2.105470920881062913e-01 4.874471974927307993e-01 4.122854167557269967e-01
2.105294745532653167e-01 4.874148680638662468e-01 4.132725998738870365e-01
2.105437689701599724e-01 4.884347813889346468e-01 4.132513586375669012e-01
2.104630455925095012e-01 4.913164423200221953e-01 4.171934448743145341e-01
2.105258675508713262e-01 4.932139593664482957e-01 4.161939712294786542e-01
2.105184698561466394e-01 4.941550864077444705e-01 4.171354990488186365e-01
2.105289568816254564e-01 4.941270319446801618e-01 4.180844746601387052e-01
