2.281201572653035470e-01 2.371731154080446435e-01 4.926987925893450138e-01
2.291781779027009525e-01 2.321998940610029427e-01 5.022884426299571992e-01
2.291840225825060307e-01 2.322252098741014181e-01 5.033122301427820355e-01
2.291247241311123728e-01 2.332854180916544284e-01 5.043201869228778333e-01
2.290860156517177115e-01 2.343146328071554485e-01 5.043275345203470650e-01
2.291209334387816765e-01 2.401544531784362002e-01 4.897603881668929349e-01
2.301561598249393381e-01 2.312042111084978147e-01 5.042485812457232486e-01
2.301022551780514958e-01 2.322545000694673512e-01 5.052481216868996983e-01
2.301224777701770252e-01 2.351765894857207606e-01 4.858833949640885552e-01
2.301273205048726400e-01 2.371293638049324637e-01 4.858656939338217851e-01
2.300796780149187981e-01 2.391347235433045337e-01 4.868619947524777114e-01
2.310312753826086196e-01 2.302779796511619792e-01 5.041945430061541833e-01
2.310591461557361670e-01 2.312832144803770862e-01 5.061913862110960505e-01
2.310651077291373534e-01 2.322240075399701065e-01 4.859555684101384831e-01
2.310638886959208438e-01 2.323388972458524382e-01 5.072344778663627762e-01
2.310865994517348199e-01 2.332626739376701674e-01 4.849116084024435169e-01
2.310989567747512297e-01 2.333940623396879577e-01 5.082500160311199666e-01
2.310692324031712042e-01 2.391283611918595953e-01 4.858520340821630978e-01
2.310943812254181162e-01 2.411103255119262934e-01 4.868329717424743075e-01
2.310879520776325524e-01 2.421274667888585752e-01 4.878552563376350459e-01
2.311431091559071616e-01 2.498777626966475207e-01 5.171618836033667899e-01
2.310982387140894656e-01 2.544655190610028428e-01 5.161524907019475750e-01
2.310799365167570396e-01 2.544207488136960849e-01 5.170067157040849626e-01
2.319946623044194800e-01 2.293122214592587527e-01 5.042250021374811153e-01
2.320594213566595787e-01 2.303152186110627997e-01 4.849784047430727996e-01
2.320215144333524493e-01 2.303163708479386285e-01 5.062143307541021597e-01
2.321006513979129993e-01 2.313630361074290598e-01 5.082081681237157200e-01
2.321433509586602606e-01 2.324121060351821422e-01 5.092296177646186139e-01
2.321136933834208604e-01 2.411197771941253343e-01 4.858327633378915489e-01
2.321294239216390443e-01 2.422952257983490010e-01 5.151758280074365537e-01
2.319873147069502761e-01 2.552499251880975817e-01 5.188356663068551811e-01
2.320162208233575718e-01 2.562455079460917440e-01 5.178342221699707704e-01
2.329449738425521665e-01 2.283834684400641579e-01 4.888767059785379399e-01
2.330290704354044395e-01 2.293500114889697739e-01 4.840049482729120722e-01
2.330262315909276960e-01 2.303316004136021222e-01 4.830101169737499589e-01
2.330643389032567014e-01 2.303729974457071061e-01 5.082147475632676770e-01
2.339179961364988292e-01 2.274482194767433740e-01 5.043062264876863043e-01
2.339479542952710434e-01 2.284208242935610866e-01 4.840087890624982792e-01
2.339500750790860228e-01 2.372213590650641413e-01 4.820175233519989333e-01
2.348821679153120789e-01 2.264817432241783834e-01 5.033471980271014834e-01
2.349492314413038907e-01 2.274128174162098615e-01 4.840181071520160416e-01
2.349182212401667302e-01 2.284114561067878413e-01 4.821114724050940548e-01
2.349257692266578379e-01 2.391962596721092793e-01 4.820236686153368533e-01
2.358303920678001264e-01 2.245388380642946713e-01 4.926605182861644727e-01
2.358205062093869930e-01 2.245454676011021389e-01 4.955037713213901740e-01
2.358216751453479920e-01 2.245825562692365385e-01 4.984096459259558243e-01
2.361245464528462790e-01 2.353258125106865717e-01 5.180835061131991992e-01
2.368149200314201563e-01 2.235827319436123894e-01 4.936089261285891983e-01
2.368007425081215811e-01 2.235928515892177393e-01 4.984136537063935668e-01
2.368115802143886950e-01 2.245642039746486573e-01 5.014075324897382391e-01
2.368784433513586030e-01 2.255355062628240925e-01 5.043529171297861380e-01
2.377913322396537354e-01 2.236235946049923706e-01 4.888026288367800509e-01
2.378103524976479255e-01 2.235604720630977038e-01 4.994113238500323959e-01
2.379721666328223351e-01 2.363991629082583812e-01 5.209477331993825899e-01
2.387457851509054430e-01 2.226292475792998049e-01 4.907078608605488501e-01
2.387241598356266981e-01 2.226201966751445438e-01 4.945182915099161636e-01
2.387928097747084588e-01 2.245699651590279122e-01 4.849289754510071604e-01
2.388275104736653498e-01 2.254926731093955805e-01 4.830524324555386384e-01
2.390585590159020057e-01 2.285106319735371316e-01 5.151854132823169286e-01
2.390373344786670684e-01 2.294960783868408294e-01 5.161371275436028583e-01
2.387015325752385453e-01 2.342962471143972547e-01 4.763479167557267413e-01
2.389232797270425812e-01 2.363629592916373090e-01 5.219091997264003746e-01
2.387556376111482637e-01 2.372444705989218694e-01 4.772191080283840758e-01
2.398132574705018893e-01 2.235629769258712929e-01 5.014623388872245791e-01
2.395826932017347810e-01 2.303382800476650449e-01 4.764055953958601375e-01
2.396076249358746468e-01 2.333423953702112030e-01 4.754367478732028363e-01
2.396870290857976982e-01 2.353905715629266426e-01 4.753972712358909281e-01
2.408837857226820978e-01 2.285175286957071283e-01 5.170470940919954517e-01
2.408339556525726788e-01 2.294949261499649729e-01 5.180042188568723116e-01
2.408855391266236379e-01 2.313851957934328352e-01 5.198982624935857277e-01
2.408335715736140414e-01 2.352973071723230281e-01 5.228410086781787314e-01
2.418332456074717696e-01 2.285074925455275741e-01 5.179974724264687636e-01
2.418365520263329183e-01 2.304412132085747467e-01 5.198991642441841421e-01
2.425766387814201341e-01 2.621092748054881238e-01 4.925400510858395364e-01
2.435781163164748575e-01 2.226507560009824416e-01 5.024298838812396584e-01
2.437335347020340159e-01 2.285039857376445216e-01 5.189552651547518769e-01
2.435055921896366049e-01 2.650019571327794643e-01 4.945733316945946645e-01
2.443609026323093070e-01 2.544689757716304124e-01 5.302291515261609023e-01
2.444658563825230779e-01 2.630012564391662755e-01 4.916033660011952522e-01
2.444738552443134205e-01 2.640090462284104822e-01 4.925599897935173943e-01
2.444346123941937288e-01 2.649756727727418659e-01 4.935834433246391595e-01
2.453886478283164863e-01 2.639969226925862888e-01 4.916269451094373855e-01
2.454238328007429526e-01 2.659862179110369929e-01 4.946016867411918150e-01
2.464633508517860561e-01 2.679047758047613526e-01 5.024690933331890097e-01
2.464634844444673067e-01 2.679263510227846146e-01 5.043401924268963166e-01
2.464819035353958410e-01 2.679316446327794643e-01 5.052518288838045990e-01
2.464770107034447433e-01 2.679176674985028206e-01 5.061726832357198447e-01
2.475426294245887116e-01 2.196871192608576273e-01 4.868738177047691185e-01
2.474800245543339328e-01 2.217402383827796475e-01 5.033840362089585518e-01
2.472740580380035635e-01 2.417164188077111642e-01 5.330330615167560016e-01
2.472578098281454917e-01 2.554658276600965672e-01 5.310958340458257210e-01
2.472780324202709934e-01 2.563822567544450370e-01 5.301784865017935555e-01
2.473382326222631489e-01 2.640095805991354849e-01 4.906216935811371083e-01
2.473796129552829626e-01 2.659874703424238152e-01 4.925966275863525312e-01
2.474028246836516565e-01 2.679055105645082868e-01 4.966459887461507350e-01
2.482019761029402860e-01 2.417308969145425812e-01 5.339635679398920809e-01
2.481604788763243641e-01 2.436549321081985242e-01 5.349058973153195673e-01
2.481890677101136755e-01 2.486258656805736544e-01 5.349818781527854172e-01
2.492243441935268200e-01 2.496219160129522496e-01 5.359479536273065170e-01
2.492722538688431633e-01 2.669638825506573943e-01 4.926487621302136910e-01
2.504297342574375307e-01 2.207243495372341602e-01 5.023222749764858497e-01
2.500942329375418494e-01 2.397859377671845149e-01 5.339301363714070714e-01
2.501611962690227231e-01 2.446737933909020057e-01 5.368850728881650047e-01
2.502341712711602106e-01 2.496488182391407018e-01 5.368932220417217405e-01
2.502511876389355017e-01 2.689065038260934348e-01 4.956373640026486838e-01
2.512443490295818704e-01 2.197690449726394379e-01 4.821018537320433950e-01
2.511381261488961347e-01 2.436819345288978866e-01 5.368559830818209200e-01
2.511297599072323528e-01 2.456917863211773023e-01 5.378393922067353783e-01
2.511721254862764874e-01 2.476476332720579376e-01 5.378542543925254327e-01
2.511800074544707218e-01 2.486618856072579931e-01 5.378470403877374517e-01
2.511977752810781173e-01 2.516073036454761769e-01 5.368813990894303334e-01
2.512745075773759607e-01 2.525913640347118294e-01 5.359248754916191571e-01
2.511772354063345758e-01 2.659882385003410343e-01 4.906877217638491162e-01
2.522528902776581261e-01 2.256137915740416000e-01 5.200052702312737418e-01
2.523012508282737043e-01 2.266427391041801187e-01 4.676322300359080364e-01
2.520765479383968444e-01 2.697768768435780395e-01 4.965917501175597937e-01
2.521729684560952145e-01 2.717349614718697626e-01 5.063070106767252332e-01
2.533488512365329459e-01 2.324703524442108538e-01 4.685111696840783546e-01
2.529355154807190198e-01 2.370369343685866936e-01 5.330325271460308878e-01
2.529875999273246689e-01 2.379739534349341601e-01 5.339986026205520986e-01
2.530929711546673344e-01 2.436939745692963122e-01 5.378105695857539059e-01
2.530786266405172236e-01 2.476954761510336556e-01 5.387897037448681203e-01
2.530798957709891606e-01 2.717416244068475151e-01 5.035266129980316974e-01
2.543028866706557034e-01 2.207818444874308228e-01 5.072829052133189798e-01
2.541762575079077879e-01 2.257412556910474155e-01 4.667074346998957290e-01
2.540489436826683933e-01 2.274634824405771527e-01 5.227003689829837763e-01
2.538323398490928140e-01 2.361137588438346480e-01 5.321533537106684086e-01
2.540317937222117961e-01 2.447008459088568511e-01 5.387729712615404454e-01
2.553078209163380241e-01 2.198210793219896320e-01 5.033032794331376847e-01
2.552437966238448319e-01 2.207761167012218528e-01 5.072806341377376071e-01
2.551219934967073888e-01 2.247342173606353133e-01 4.667233656271357889e-01
2.549898202376871814e-01 2.466981399890979532e-01 5.397133969412600818e-01
2.550160378013841544e-01 2.487061214838397483e-01 5.397267562093859272e-01
2.550248382192620844e-01 2.526250126913038296e-01 5.368692755536061956e-01
2.549844264331813659e-01 2.697848089090277846e-01 4.935723551320946867e-01
2.549881336300863222e-01 2.707764840810951146e-01 4.966216748781617230e-01
2.550286957079334060e-01 2.726852229127469940e-01 5.063246449106514335e-01
2.559910138882942054e-01 2.188161617753925092e-01 4.812491316475701053e-01
2.560697667738961458e-01 2.257659035407396098e-01 4.657353809528881894e-01
2.559920325324888113e-01 2.255928843194246469e-01 5.199291224029564118e-01
2.560871338224597338e-01 2.267456555660046502e-01 4.657324753120708483e-01
2.559019075698947820e-01 2.265242089977334561e-01 5.217646524452785872e-01
2.561000255162012018e-01 2.334167062991612807e-01 4.676294579877719459e-01
2.558978997894570395e-01 2.487016294299324304e-01 5.397005052475185582e-01
2.559020411625760327e-01 2.526016840693390275e-01 5.368719474072313202e-01
2.559521217189628106e-01 2.726640150745971991e-01 5.054247646096937663e-01
2.567893470524101884e-01 2.446917783056164197e-01 5.387628516159351788e-01
2.567812813942791927e-01 2.467000603838910566e-01 5.397143988863695174e-01
2.567737501068731998e-01 2.477291582057959685e-01 5.397024423413968597e-01
2.568049439979471216e-01 2.525845174097973156e-01 5.368595566860445700e-01
2.568974402306334892e-01 2.726981146064884065e-01 5.101781925978948751e-01
2.579473618117295586e-01 2.257454471614218916e-01 4.647895113714073378e-01
2.578285979180907073e-01 2.707629912202880185e-01 4.945951406998101429e-01
2.587985475803684099e-01 2.698128967702623782e-01 5.178324854651144005e-01
2.587791599425007805e-01 2.707629411230325633e-01 4.946016867411918150e-01
2.587812640272306175e-01 2.726924536166200896e-01 5.082823120618141788e-01
2.599935341142261547e-01 2.178656164500676062e-01 4.852167340864380618e-01
2.600367346475281338e-01 2.197607956245717087e-01 5.033124639299743075e-01
2.598054523180992614e-01 2.217660551684328685e-01 4.658705433481515334e-01
2.597394575335575384e-01 2.717451980110711651e-01 4.976565839817013726e-01
2.597232761200400919e-01 2.726706780095749516e-01 5.045054465736130700e-01
2.607347731061891993e-01 2.227562274228360728e-01 4.649037999102240692e-01
2.607130642954846866e-01 2.238071342499564353e-01 4.639096699726385498e-01
2.607390146738191583e-01 2.707823287609001928e-01 5.159379742540166625e-01
2.606277987666714147e-01 2.726886963224596783e-01 5.054538544160378510e-01
2.616630084537439060e-01 2.698068350023502537e-01 4.926448545442868587e-01
2.626922064701597836e-01 2.207824289554113084e-01 4.677742390560858943e-01
2.626004115990500098e-01 2.247631401761277792e-01 4.629455315919955849e-01
2.626403224125760105e-01 2.698550953584549217e-01 5.177905707613695840e-01
2.637562554772989731e-01 2.188289198764526988e-01 4.784591152958259097e-01
2.636081345919535912e-01 2.207725931942536579e-01 4.677861622028882116e-01
2.636033419545134038e-01 2.217562194072751902e-01 4.658974956715954407e-01
2.632721990958438174e-01 2.350267986918596341e-01 5.310841446862155646e-01
2.636584489355325855e-01 2.707438039714422651e-01 4.946143446477410666e-01
2.635833364504949761e-01 2.707761334003068177e-01 5.159274204321971924e-01
2.645450534637900919e-01 2.227563777146024937e-01 4.649354947738526533e-01
2.645147446242295808e-01 2.247252499519058200e-01 4.629683759404908394e-01
2.644919002757343263e-01 2.256751273138244418e-01 4.629542151162774344e-01
2.644432558406710765e-01 2.266279270156455750e-01 4.629454981938253000e-01
2.643114833596946767e-01 2.320557308588397927e-01 5.271891498696116285e-01
2.645797040654915278e-01 2.698088054943988401e-01 5.168865490872929236e-01
2.645288887493578156e-01 2.707548253676461125e-01 5.149950771096938329e-01
2.655867590949888002e-01 2.187925325698949208e-01 4.784930144386952966e-01
2.653972745757087193e-01 2.256314425070528873e-01 4.629676745789141901e-01
2.655235196594979974e-01 2.650377432722716420e-01 5.235444075431753275e-01
2.656242151429966669e-01 2.707289918829077213e-01 4.946011857686370972e-01
2.655177584751187703e-01 2.707354043316081427e-01 5.131128564252717128e-01
2.655732662341816486e-01 2.717053873920561302e-01 4.975730885559147554e-01
2.654774301844638473e-01 2.716889053950058419e-01 5.034753802047690074e-01
2.665296562393116298e-01 2.187823962252044285e-01 4.785099473110447921e-01
2.665787515496741422e-01 2.697837902648331787e-01 4.926650270391569331e-01
2.665225925262900697e-01 2.697920897101563353e-01 5.150262710007676992e-01
2.665382228699973433e-01 2.716922285129521608e-01 4.975583599628060072e-01
2.672350255963567567e-01 2.409812749818305289e-01 5.359398378719201217e-01
2.674982699747767700e-01 2.650356558866269752e-01 5.235388634469030356e-01
2.674566725536498546e-01 2.698008901280342653e-01 5.131467555681411552e-01
2.682549723195954972e-01 2.349749647315313161e-01 5.300297644493825455e-01
2.683914205444159484e-01 2.641094912256317651e-01 5.244860021588558796e-01
2.692639477438858453e-01 2.399405211984858011e-01 5.349470104629768796e-01
2.693266528086515899e-01 2.534894074363021055e-01 4.705951487153711144e-01
2.703136188387045835e-01 2.370043377543596119e-01 5.320222992903537174e-01
2.702768641522733106e-01 2.390004962968100277e-01 5.339926911444063951e-01
2.702416457816765316e-01 2.525225638038636755e-01 4.696478764107370196e-01
2.703705961172613303e-01 2.697848423071980695e-01 5.015259624016740192e-01
2.711528480623707771e-01 2.458942293305394766e-01 5.368771575218004299e-01
2.711871980805393711e-01 2.535113667332839493e-01 4.696701195921665906e-01
2.712219488767517728e-01 2.594123892516663199e-01 5.291713646759557133e-01
2.712512056739473931e-01 2.603124699416458077e-01 5.282282337444406117e-01
2.713022714763584919e-01 2.621699759800349971e-01 5.254034832955692957e-01
2.712826667503837608e-01 2.698449757128495996e-01 4.965136317971938218e-01
2.721553275425349083e-01 2.379489382053684987e-01 5.320438077120364095e-01
2.722079296607805010e-01 2.409718900959721133e-01 5.349241327163113402e-01
2.721439721646279342e-01 2.535220207496143296e-01 4.696775339859764475e-01
2.721744813932103768e-01 2.545060310415945271e-01 4.706517920122247345e-01
2.721623077601306728e-01 2.554479763380633761e-01 4.715970604266399024e-01
2.731131703680735878e-01 2.535381687649614912e-01 4.696913608284866704e-01
2.739914086546672567e-01 2.216206061367126112e-01 5.063955492262294245e-01
2.740940746302144571e-01 2.438892870692963288e-01 5.358690671490233814e-01
2.740749207795390441e-01 2.535349124433557977e-01 4.697042525222281384e-01
2.740747537886874530e-01 2.554393262119518671e-01 4.715956911016569997e-01
2.750696351851050214e-01 2.448397989964508914e-01 5.358659945173543937e-01
2.750315612709463564e-01 2.544939743021109035e-01 4.706532949298888879e-01
2.749259896545817594e-01 2.576011062809925867e-01 5.291290491941670338e-01
2.759907734214678832e-01 2.477785374006061525e-01 5.358597156613352785e-01
2.759825073743150115e-01 2.515787983071126610e-01 4.697154743074538619e-01
2.770202219241610919e-01 2.495917407660729892e-01 4.696708209537431844e-01
2.778045779540003757e-01 2.369802576735627608e-01 5.282739224414311208e-01
2.778349034926460570e-01 2.379973655523247300e-01 5.292518208682436276e-01
2.778793731564200287e-01 2.457744133945357068e-01 5.349433700624125487e-01
2.778221286925007250e-01 2.660722015005120289e-01 4.897497007523922141e-01
2.787339655384309389e-01 2.517976398180993280e-01 5.300804962700904621e-01
2.798237812339678943e-01 2.188252961749735659e-01 4.811809993801282603e-01
2.797260247894569063e-01 2.486050085232121842e-01 4.705815890582233374e-01
2.796434645124391549e-01 2.544036322514098281e-01 4.724505506690304668e-01
2.796243941571894820e-01 2.554192372125076438e-01 4.734322230890886107e-01
2.807575439787096672e-01 2.188539017078480475e-01 4.811490373311371194e-01
2.805092953787609589e-01 2.187754995030344318e-01 4.946578624636610022e-01
2.808090439573348585e-01 2.198415357013073501e-01 4.801923133443040115e-01
2.808655870596775128e-01 2.208170795571127443e-01 4.792681859716980131e-01
2.807369707057958408e-01 2.457614382053684710e-01 4.705829249850359552e-01
2.814477505664319534e-01 2.187781045603189867e-01 4.946822097298204102e-01
2.825050030459121397e-01 2.188280014267690587e-01 4.829495326927992216e-01
2.833483402445270416e-01 2.350624512386705056e-01 5.235236338812395696e-01
2.834513402017773687e-01 2.370397231158079820e-01 5.254268286166191571e-01
2.843346216120886116e-01 2.188033368779916943e-01 4.906674156762978467e-01
2.843800765218867932e-01 2.226738174375847146e-01 4.809809109417732542e-01
2.853315235978102216e-01 2.188298550252215091e-01 4.887480228283156425e-01
2.852809587679538406e-01 2.197565874551120624e-01 4.848341580454839095e-01
2.852220443955187923e-01 2.197103977855669188e-01 4.946105038581548596e-01
2.852792888594380960e-01 2.207254683759397040e-01 4.838286393318211309e-01
2.852986931963908956e-01 2.632492044555821420e-01 4.879856761927137132e-01
2.862562521374818481e-01 2.207246668198521444e-01 4.848333230912260094e-01
2.862286318506316873e-01 2.216088332816767148e-01 4.995487239227068277e-01
2.864673953702109865e-01 2.361056430884481971e-01 4.753404943463560017e-01
2.862808665890037574e-01 2.632873618651666581e-01 4.928952072289654041e-01
2.880940532553854516e-01 2.623586255450571780e-01 4.909961204685344693e-01
2.881275516202110309e-01 2.623922909007343485e-01 4.966887384041535070e-01
2.890103654561378410e-01 2.225364674621657657e-01 4.995536000555727552e-01
2.892560423969722794e-01 2.554274364633198902e-01 4.782436970972965273e-01
2.892320625106863941e-01 2.574213072311037354e-01 4.802238078189107195e-01
2.911330863649955192e-01 2.427735209954249296e-01 4.781581309849504136e-01
2.911795432199031919e-01 2.574024205657908237e-01 4.811942584537431400e-01
2.920893093792739093e-01 2.418397081534276460e-01 4.790788183460140126e-01
2.940817106275639414e-01 2.544876954460917884e-01 4.810923940342834992e-01
2.950615795464250901e-01 2.534725079621228949e-01 4.810745260131651935e-01
2.959150697888156545e-01 2.544806651312405132e-01 4.829665323614893979e-01
2.968927678266063408e-01 2.534598667546588135e-01 4.829216118224162191e-01
2.978176967552998988e-01 2.496199121227333784e-01 4.828834711119168732e-01
2.987405215992636198e-01 2.477701711589423428e-01 4.838381912085311098e-01
2.987983004339079818e-01 2.496432908419536079e-01 4.838395939316842975e-01
2.997498143061719800e-01 2.487165250138927419e-01 4.848081074726384720e-01
3.006722049739216085e-01 2.450630991631745637e-01 4.857361758293416432e-01
3.035839576564626774e-01 2.535832228967159208e-01 4.906465418198511785e-01
3.035467186965618569e-01 2.545538739205702172e-01 4.916298173520844417e-01
3.044826022251185815e-01 2.320966937147307119e-01 4.946136432861644172e-01
3.044492040548039680e-01 2.321556080871657324e-01 5.081147534413456013e-01
3.045143304869175060e-01 2.331314191283336279e-01 4.936182776162773012e-01
3.044737851081555369e-01 2.536310824747767811e-01 4.945868579535721010e-01
3.055319727364045335e-01 2.331380152669707828e-01 4.945755359738354118e-01
3.054410295186377744e-01 2.332202749604557201e-01 5.091676975568552033e-01
3.055986688825228503e-01 2.352121251389355516e-01 4.935652079236473311e-01
3.054411631113190251e-01 2.352357877426034805e-01 5.101973965458258542e-01
3.063913744549407459e-01 2.321784858338312441e-01 5.071099694874298125e-01
3.065198238179708823e-01 2.331491034595152279e-01 4.965454936516739970e-01
3.073605225611308889e-01 2.322000777509396485e-01 5.061361122392252776e-01
3.074001995874646731e-01 2.342195148180993558e-01 5.081892647593175827e-01
3.073804278706384618e-01 2.362272291274786218e-01 5.092103804185172944e-01
3.084453953274612914e-01 2.341702692159704224e-01 4.984543994741774120e-01
3.093269066347458240e-01 2.331477341345323528e-01 5.032615317202444594e-01
3.092885321370543172e-01 2.331976643991527098e-01 5.061613278578128705e-01
3.093837837187916606e-01 2.351661191593271416e-01 4.994092197653026144e-01
3.094077302069072610e-01 2.362085094530172735e-01 4.984000606510755049e-01
3.092996203295987345e-01 2.497183365306506198e-01 4.955656915291534736e-01
3.092780785097458129e-01 2.507082582987764652e-01 4.955766127308463553e-01
3.103498925914831563e-01 2.351643490563004590e-01 5.023063774474161303e-01
3.103393721678340267e-01 2.351754873461003870e-01 5.032397561131992658e-01
3.103080780822492502e-01 2.351878279700316543e-01 5.051778185383873909e-01
3.103616821456042230e-01 2.361604828841048220e-01 5.013611758293415877e-01
3.103155926705700174e-01 2.361566086963483302e-01 5.061739189680214412e-01
3.103086124529742529e-01 2.371458124038124116e-01 5.061718148832916597e-01
3.103847268831212980e-01 2.381710694361311720e-01 5.003234612794954517e-01
3.102762496259393599e-01 2.382087592713312274e-01 5.072111325453128039e-01
3.103805855100023048e-01 2.391533263241698015e-01 5.003026208212191239e-01
3.102848663538805840e-01 2.392425328370801907e-01 5.062000697353777889e-01
3.103678608071124279e-01 2.401440162502128939e-01 5.002925679719544272e-01
3.103172291809154215e-01 2.401969690492467557e-01 5.032966331972451579e-01
