8.436320376624456552e-01 4.640078605933635747e-01 4.850579925829325845e-01
8.436525441390189117e-01 4.658985978112158421e-01 4.850535840244510899e-01
8.435908243202774326e-01 4.686809993801283047e-01 4.916810501453470761e-01
8.446355190877192776e-01 4.629659044758875353e-01 4.917662154796493823e-01
8.446383245340256529e-01 4.925080890368484510e-01 4.858016696413286484e-01
8.446254328402842404e-01 4.944170950538627762e-01 4.895730578295980906e-01
8.455653241492787631e-01 4.981867131391056192e-01 4.877013909669954961e-01
8.466211071092650808e-01 4.600766621601385942e-01 4.840721787897554473e-01
8.466046084131296778e-01 4.630109586076419648e-01 4.801221437884729548e-01
8.465725461696276266e-01 5.000749454941842975e-01 5.010461308887635967e-01
8.475475723537931882e-01 4.839115669887123494e-01 4.685574595481344362e-01
8.475837759704142327e-01 4.859430774944408227e-01 4.675554810405250228e-01
8.474902610935332037e-01 4.936158729480146223e-01 4.724552264128745183e-01
8.475801689680202422e-01 5.059811781271357223e-01 5.048787379232198003e-01
8.475571242305031117e-01 5.068875376731343252e-01 5.030085739782813592e-01
8.475297377308451674e-01 5.078097279518620777e-01 5.001457830134216076e-01
8.475432973879928333e-01 5.078067221165337708e-01 5.010772913816671226e-01
8.484243411208930441e-01 4.581974139128745516e-01 4.850091644579325734e-01
8.485924675102568537e-01 4.828687759169784099e-01 4.674999064851214636e-01
8.486342152231501901e-01 4.849039936196117839e-01 4.664818300594203437e-01
8.486228598452432159e-01 4.859124847704325845e-01 4.664961912726556248e-01
8.485350226573157295e-01 5.107068188376350237e-01 4.991574309593005410e-01
8.496335552753047082e-01 4.848908013423375296e-01 4.655114128227582637e-01
8.495653562115222934e-01 4.889510837038286151e-01 4.665412120062397694e-01
8.495586097811187454e-01 5.030122143788456901e-01 5.087940722255454018e-01
8.495407083618300437e-01 5.039587185255625101e-01 5.087963099029564340e-01
8.494755151333759358e-01 5.078468333190816475e-01 4.771016132652171615e-01
8.495294865766043202e-01 5.088730922965097880e-01 5.077720214175768243e-01
8.502412015860092431e-01 4.582357884105660584e-01 4.839918227919784433e-01
8.500415473238683850e-01 4.592447137376009514e-01 4.916774431429530856e-01
8.505982948230134122e-01 4.869197735871220734e-01 4.655015269643451026e-01
8.505752500854962816e-01 5.019840851038798180e-01 5.107569160931069163e-01
8.505749829001337803e-01 5.029901047900974254e-01 5.107535094797348574e-01
8.504478026675755808e-01 5.134799691133702382e-01 5.077946319788798624e-01
8.514800065193197653e-01 4.780393670913115622e-01 4.666065388273751835e-01
8.515226225846412866e-01 4.888780419053505022e-01 4.655405360272726334e-01
8.515873482387110727e-01 5.049360157853094444e-01 5.117297713962020156e-01
8.514784034071446461e-01 5.125717058716636743e-01 5.097512303885926022e-01
8.514627062670968582e-01 5.134802362987327395e-01 5.088210579471595940e-01
8.513172238372062051e-01 5.191227235807095441e-01 4.867066598623443485e-01
8.513023282532459213e-01 5.190859187970228161e-01 4.876895012183635192e-01
8.524273122221242005e-01 4.761732109268108637e-01 4.666155563333601597e-01
8.524491546255099639e-01 4.780523255813936556e-01 4.656022892441843974e-01
8.525214950624114829e-01 4.828896831715954185e-01 4.645568931151659031e-01
8.525456753377192998e-01 4.849464760922519990e-01 4.645289388466125602e-01
8.524566358156604462e-01 5.125559419352752055e-01 5.107516725803675772e-01
8.524181611234579181e-01 5.134978371344885995e-01 5.097692654005624435e-01
8.524328563183963814e-01 5.210896754232197114e-01 4.760757216676624326e-01
8.535100809037247105e-01 5.010078231874126597e-01 5.137310565577957178e-01
8.533207800743813909e-01 5.182466895733565115e-01 5.030298820109421198e-01
8.534713390261596810e-01 5.249498025500152210e-01 4.780629128013833551e-01
8.534369389107356874e-01 5.249666686260241466e-01 4.800099927325564009e-01
8.544456304505783084e-01 5.000547396011438828e-01 5.146553175230830224e-01
8.544772919160366076e-01 5.078612947268278388e-01 5.146276638380624657e-01
8.543774981831364634e-01 5.210991939017594055e-01 4.760422233028368533e-01
8.552498583917548247e-01 4.705668270669443043e-01 4.675165387739381173e-01
8.554402947588888306e-01 4.829741137461507905e-01 4.635782265304361216e-01
8.554583297708587830e-01 4.840046810875495709e-01 4.635724486469716688e-01
8.553688894707561774e-01 5.000579792236644616e-01 5.156012539009044993e-01
8.553976786935674204e-01 5.010197129360447477e-01 5.156271374828983456e-01
8.553948732472609340e-01 5.029244105890884331e-01 5.155965781570603923e-01
8.552900029924730418e-01 5.201766696413284707e-01 5.021249919844372744e-01
8.554020872520489149e-01 5.211045042108394254e-01 4.760307343322486284e-01
8.552142559421993528e-01 5.230869194062053307e-01 4.924197842745365317e-01
8.554401611662075799e-01 5.249879098623442264e-01 4.780394338876521876e-01
8.554336151248259634e-01 5.259433981168756267e-01 4.790192694083429958e-01
8.554121067031432712e-01 5.259580599136438606e-01 4.799698815300085242e-01
8.553880600205168161e-01 5.259660086781786648e-01 4.809388960435174165e-01
8.562288923563581289e-01 4.742860807113525867e-01 4.656054286721939550e-01
8.564034979907629852e-01 4.849835146631309435e-01 4.635871772400804169e-01
8.564507897999285024e-01 5.250026718536232595e-01 4.780332552261439827e-01
8.562989617176781643e-01 5.259720537470056190e-01 4.827766303650803392e-01
8.571275035268437481e-01 4.610569318570434949e-01 4.751431111597965162e-01
8.572457330497574857e-01 4.658265913560175053e-01 4.703048184208259430e-01
8.572482713107014707e-01 4.696108378398580752e-01 4.674338783024094002e-01
8.573884100333416525e-01 4.820019598046323406e-01 4.635713799055216078e-01
8.572075923392582508e-01 5.010304671468860382e-01 5.165344989740063841e-01
8.572276980377876443e-01 5.019769712936028583e-01 5.165274519600699943e-01
8.574682316603936538e-01 5.068773512311883778e-01 4.702881861320092338e-01
8.573792589346754811e-01 5.259508125106855392e-01 4.809036943720058077e-01
8.580945141501337137e-01 4.600938288196803061e-01 4.760768906036234593e-01
8.582914297623088773e-01 4.667064661529565783e-01 4.693351359439107418e-01
8.582441379531432490e-01 4.705263150863526200e-01 4.665079808267766914e-01
8.582592339261254644e-01 5.030080730057266969e-01 5.165446186196116507e-01
8.581820841526986987e-01 5.240836544010754050e-01 4.963581299162088678e-01
8.582007203317342237e-01 5.250961533323339481e-01 4.914536086055044106e-01
8.590377452761597254e-01 4.562856358477240803e-01 4.847888367283669231e-01
8.590935870169258415e-01 4.591137595117972814e-01 4.779927432455522984e-01
8.591460889406603574e-01 4.600697821370537399e-01 4.760477006027684643e-01
8.591118224179176144e-01 4.741978427453813483e-01 5.088091014021869363e-01
8.592541654197985990e-01 4.762288856767253886e-01 4.636241156164483956e-01
8.592917717595728311e-01 4.790867003142082470e-01 4.635876114162945094e-01
8.593309144151816126e-01 4.820364601145673555e-01 4.635564175252206431e-01
8.593267730420626194e-01 4.839865124828984233e-01 4.635646000769477193e-01
8.591229106104620872e-01 4.991361229266397803e-01 5.165415793861131144e-01
8.592558353283142880e-01 5.134293708853435723e-01 5.118216163645672445e-01
8.592336589432253424e-01 5.202448353069406561e-01 5.040894389641740192e-01
8.591765480719874004e-01 5.240652854074023814e-01 4.973789115937054528e-01
8.600010821007151307e-01 4.562242834088560683e-01 4.847726052175940215e-01
8.601517078488341017e-01 4.600365175594203770e-01 4.760403530052992327e-01
8.603325255429176144e-01 4.676535046703984566e-01 4.684023918433635747e-01
8.602578472340940419e-01 4.705125550401829670e-01 4.664910479544271960e-01
8.602564445109408542e-01 4.830022350055557245e-01 4.635561503398581418e-01
8.601577863158313964e-01 5.211678939380965936e-01 5.031530210648921253e-01
8.600903220117958048e-01 5.250613858370364317e-01 4.953488706074708481e-01
8.609968151504756584e-01 4.552825885986646060e-01 4.875843637782130147e-01
8.611442346742445020e-01 4.591014689851214969e-01 4.779305892505967823e-01
8.612102962551269059e-01 4.619892417813765695e-01 4.740522601209798403e-01
8.610254707806056507e-01 4.742270327462363433e-01 5.097834930211164739e-01
8.619928821819394793e-01 4.552543671447487061e-01 4.875487613286575983e-01
8.619369068484921126e-01 4.553174562884730880e-01 4.906345852748785208e-01
8.622742951650106402e-01 4.629779946135414437e-01 4.730771671404737089e-01
8.630070510217137114e-01 4.552455500277856615e-01 4.875406789714414879e-01
8.628974382267411425e-01 4.553227665975531080e-01 4.915961185982369308e-01
8.631493940235946960e-01 4.600304056942527975e-01 4.769568321969032132e-01
8.632803816475687064e-01 4.639369228796152989e-01 4.721423189551966493e-01
8.632620126538956828e-01 4.667094051919443154e-01 4.693643259447657368e-01
8.628975050230817123e-01 4.723525270391569775e-01 5.097839605955009068e-01
8.629832715244497576e-01 4.742870492582917374e-01 5.107807289885412105e-01
8.632472506626166497e-01 4.762214712829155316e-01 4.636446220930215967e-01
8.631978213705508995e-01 4.820118122648751613e-01 4.635637985208601597e-01
8.632149212337519861e-01 4.829937852684661470e-01 4.635659026055899967e-01
8.629550834687041982e-01 5.030926037747930346e-01 5.165656594669099100e-01
8.630820633122404661e-01 5.260546474221937663e-01 4.953671394066329614e-01
8.630669005429175700e-01 5.260238543091636521e-01 4.963683163581548707e-01
8.638957763337862250e-01 4.552934430040168623e-01 4.915644905309489721e-01
8.641527418561870677e-01 4.820309494164654596e-01 4.635669713470400577e-01
8.638365947759887309e-01 4.962999837016910942e-01 5.164970930232539725e-01
8.640631679634032114e-01 5.260752206951075927e-01 4.943426171340611353e-01
8.648929121067000514e-01 4.552672254403198338e-01 4.915241789393792193e-01
8.650815449726371176e-01 4.600630357066501919e-01 4.778866372584626987e-01
8.648990573700379159e-01 4.724036930360790421e-01 5.107943220438593279e-01
8.651761953873088329e-01 4.762290192694066393e-01 4.636549087294785099e-01
8.651690481788614218e-01 4.820312166018279609e-01 4.635726824341638852e-01
8.650816785653183683e-01 5.260533448935514889e-01 4.932901739911063066e-01
8.650614392741077241e-01 5.260570186922860492e-01 4.943233463897895863e-01
8.649860930018778982e-01 5.260268935426622994e-01 4.972998247264003857e-01
8.659683331908313297e-01 4.552230062628232488e-01 4.885224181878402572e-01
8.656911951735605237e-01 4.963115394686199999e-01 5.165010340073511452e-01
8.657885174418573637e-01 5.011909787534182259e-01 5.165331296490234259e-01
8.660128195536904716e-01 5.259948980955008180e-01 4.983065791723648164e-01
8.669245228069394349e-01 4.552357977620537510e-01 4.904529994228778444e-01
8.669077569254415305e-01 4.552350964004771572e-01 4.914659659285208204e-01
8.668227919801611003e-01 4.562296605142767691e-01 4.945295800914825124e-01
8.666962797110091543e-01 4.973220011114893313e-01 5.165185012504256434e-01
8.667567971956193773e-01 5.002173218942355115e-01 5.165330962508531965e-01
8.669455636542376942e-01 5.249888784092833216e-01 5.002696234289483179e-01
8.671134228582390024e-01 5.260210154646869363e-01 4.952264329150973809e-01
8.677553356916863914e-01 4.743280288132677991e-01 5.127436062542731765e-01
8.679290729736630627e-01 5.230939998183120609e-01 5.021942263914995763e-01
8.680825709644292010e-01 5.259803364932437164e-01 4.972629531463730324e-01
8.680545165013648923e-01 5.259880180724160192e-01 4.982417199256138352e-01
8.690324149281775101e-01 4.928852545742116176e-01 4.636832303779053199e-01
8.688359000940460986e-01 5.106267300252205210e-01 5.117931945216295242e-01
8.689501218365222046e-01 5.221408828338729435e-01 5.031424672430727663e-01
8.699777835371035328e-01 5.250191371515884331e-01 5.001806841014003746e-01
8.707116081352568315e-01 4.686635989333943764e-01 5.109064397016055414e-01
8.709191443655919240e-01 4.928598051684318637e-01 4.636400131455181706e-01
8.716441518467821226e-01 4.668816395562568888e-01 5.090795597853948751e-01
8.716286550957561552e-01 4.686525775371905289e-01 5.108963534541705043e-01
8.716428159199695047e-01 4.705459532104976361e-01 5.118395845801965161e-01
8.718122114398053624e-01 4.810546541018279609e-01 4.636256853304531744e-01
8.718156848495181022e-01 4.840329359396357556e-01 4.636056130300941214e-01
8.718148832934304870e-01 4.850374861063594389e-01 4.636073163367801508e-01
8.718693891073839852e-01 4.909497972063081028e-01 4.636184713256652490e-01
8.718476802966794725e-01 4.919330727385413105e-01 4.636336340949880896e-01
8.718228988543060831e-01 4.955253131412430956e-01 4.645287718557609691e-01
8.727240482857355763e-01 4.630029764449367646e-01 5.042945037299058075e-01
8.726163057883005170e-01 4.659342002607712585e-01 5.081285134875153098e-01
8.727760826350857704e-01 4.820302480548888102e-01 4.636253513487500477e-01
8.727803576008860142e-01 4.830113193078813261e-01 4.636139625726727331e-01
8.725466372050242336e-01 5.022597536016568665e-01 5.136609871964755714e-01
8.727325314209954943e-01 5.106718843514858053e-01 5.108079150991773343e-01
8.728178303479791067e-01 5.153858023042047209e-01 5.079611218578983234e-01
8.737312035097437590e-01 4.629926898084798514e-01 5.042705238436199222e-01
8.735887937115222046e-01 4.668736239953813483e-01 5.090990643168586960e-01
8.737859097127191887e-01 4.954943864355317307e-01 4.645323120618143342e-01
8.735702243288272495e-01 5.041325226038798624e-01 5.126741380600187137e-01
8.736551224777669988e-01 5.097857306985276171e-01 5.107858055104290695e-01
8.737380835328285578e-01 5.116274394023579974e-01 5.098152880792560238e-01
8.739340639962348556e-01 5.249172393339583964e-01 4.950919050850700609e-01
8.745305553180543479e-01 4.677424439979463444e-01 5.099791729009899299e-01
8.746209975632663891e-01 5.088817424226212971e-01 5.107476314017594943e-01
8.746582699213375500e-01 5.107363762183634304e-01 5.098243055852409444e-01
8.748229229009886199e-01 5.221822631668927572e-01 5.030182928458429847e-01
8.748114339304003950e-01 5.231025163517423193e-01 5.021062556108908392e-01
8.748816368844017921e-01 5.249450934080008846e-01 4.961161267741090453e-01
8.748837743673019141e-01 5.249759867155419091e-01 5.001718001880967046e-01
8.757250742775276597e-01 4.629663052539312873e-01 5.042040614846937663e-01
8.757643505258176919e-01 4.820096079856344140e-01 4.646699459216809824e-01
8.757531955369325383e-01 4.840510711461166182e-01 4.646549835413800178e-01
8.757408382139161285e-01 4.861115378655078145e-01 4.646394199940133696e-01
8.756423804078286022e-01 4.973531950025631976e-01 4.654482234845229716e-01
8.758171196349148202e-01 5.240053690898579530e-01 4.950865613778197005e-01
8.767157976017410093e-01 4.629681087551282825e-01 5.041872288068552921e-01
8.766940219946959267e-01 4.696568939167219958e-01 4.712525582998444151e-01
8.766081886969873116e-01 5.088887560383873465e-01 5.097988227812909612e-01
8.768165264834100192e-01 5.240202646738182368e-01 4.961419101615919258e-01
8.768252768040324385e-01 5.240152215501007182e-01 4.971843672516226831e-01
8.776876175615563325e-01 4.600879173435346026e-01 4.974299773961165516e-01
8.776939632139161285e-01 4.610632775094032909e-01 5.003578947930898968e-01
8.776737239227054843e-01 4.620278166680900078e-01 5.022890437970227717e-01
8.777205481574865686e-01 4.715630276910892649e-01 4.703070560982370307e-01
8.775026584943539376e-01 5.080055748225871248e-01 5.097743753206206430e-01
8.777265598281431824e-01 5.231010802304187912e-01 4.951527899495536400e-01
8.786541606104619762e-01 4.600841767484593614e-01 4.954545424183463553e-01
8.786470134020146761e-01 4.600747918626009736e-01 4.964214194489551257e-01
8.787212241364538157e-01 4.611247635409524981e-01 4.876266458618313537e-01
8.786826158515700369e-01 4.706370300209456459e-01 4.722074119891399024e-01
8.785784135601883982e-01 4.760305673413970373e-01 4.666277132673546935e-01
8.796468878248941969e-01 4.611084652338389711e-01 4.886510345417219292e-01
8.793902562841965365e-01 4.695735320836166293e-01 5.108748116343175827e-01
8.795949870682252536e-01 4.715297965116262424e-01 4.721675011756139018e-01
8.794126998546479834e-01 4.724820785418074598e-01 5.128273688654222395e-01
8.793841110208586720e-01 4.789885764898238474e-01 5.156272710755795963e-01
8.793323438568709793e-01 4.963969051919441822e-01 4.663434614398068168e-01
8.793524495554003728e-01 4.991924990381308991e-01 4.673030576692869809e-01
8.795410824213374390e-01 5.221868387162259539e-01 4.971289596870707150e-01
8.806440903941487042e-01 4.610951727620537510e-01 4.915788517441843086e-01
8.803961423777327822e-01 4.657808692608567669e-01 5.070806124957232264e-01
8.805181792920625528e-01 5.212594383229290917e-01 4.961119854009899965e-01
8.813049065919941194e-01 4.667143147229805278e-01 5.080022350055556357e-01
8.812844001154209739e-01 4.676925471314962723e-01 5.089757916702273288e-01
8.825822530138477395e-01 4.620761104223649607e-01 4.906258683524264419e-01
8.825875967210980999e-01 4.620515627671837322e-01 4.915953170421494267e-01
8.822515443313921901e-01 4.781405301491946092e-01 5.146915545378744072e-01
8.820449432498258524e-01 4.954034432177649716e-01 4.681943212423033684e-01
8.820219653086494027e-01 4.963574619528026144e-01 4.681595203488355117e-01
8.820319179634031892e-01 4.973343918326760815e-01 4.681553789757165185e-01
8.832156827120350995e-01 4.762562053800427631e-01 5.137426791210651933e-01
8.832332501496206190e-01 4.790502963085653265e-01 5.146786628441328837e-01
8.832327825752361861e-01 4.799977690022212418e-01 5.146697789308292137e-01
8.832018558695249322e-01 4.817798619720399800e-01 5.146482037128059517e-01
8.841573775222266729e-01 4.809152835371049983e-01 5.136987939252717350e-01
8.841824261499626747e-01 4.817873765603608027e-01 5.136910789479290917e-01
8.842114825581364190e-01 5.165119218108736865e-01 5.020950338256651158e-01
8.850502442074181797e-01 4.743728491578300122e-01 5.118602580476212527e-01
8.852055456993812577e-01 5.155387659242457454e-01 5.021103635858394920e-01
8.852026734567342015e-01 5.165520998097621330e-01 5.000828274623785319e-01
8.862435608327601244e-01 4.647767866685174609e-01 4.914997648768792415e-01
8.861646743544769889e-01 4.647649303180557689e-01 5.041267447204154095e-01
8.859950784456193107e-01 4.733556076863867923e-01 5.108620869314277613e-01
8.859090447588887640e-01 5.070838521182436942e-01 4.770615020626692848e-01
8.861383565962690501e-01 5.145780341569748950e-01 5.021426596165338152e-01
8.861689493202772328e-01 5.156124756861301117e-01 5.000773835606172613e-01
8.871858568100173814e-01 4.647390467360619226e-01 4.943406466420126044e-01
8.871098425743811910e-01 4.647793583276317309e-01 4.982578512418757710e-01
8.870550695750651915e-01 4.676082167514518106e-01 5.069396388188250890e-01
8.870234749059475732e-01 4.686078239889688857e-01 5.079310969027854838e-01
8.870355650436014816e-01 5.127458439316842087e-01 5.021634332784694621e-01
8.870971512696617101e-01 5.146402883464413769e-01 5.011287245639517440e-01
8.879711813867957604e-01 4.666731681771529305e-01 5.050215151013148773e-01
8.880520049589571974e-01 4.733495960157301785e-01 5.088295744805898524e-01
8.878098014278353878e-01 5.051863350718176493e-01 4.760927547345228938e-01
8.880141982301610337e-01 5.137179978732027141e-01 5.011544745532642287e-01
8.889413314380952835e-01 4.666920381433806719e-01 5.040634551876691516e-01
8.889806076863853157e-01 4.676747459067185919e-01 5.050263244378402350e-01
8.890079273897026901e-01 4.696060619015031135e-01 5.068930817694065061e-01
8.889993774581022024e-01 4.743080233092493159e-01 5.078614283195090895e-01
8.890139390603593039e-01 4.752797764727240137e-01 5.078751215693381171e-01
8.887311233541349553e-01 5.089762926427819911e-01 4.818359708981685974e-01
8.888999845032458103e-01 5.108758135794270183e-01 5.012203691432950414e-01
8.900103400735261960e-01 4.668207546917733097e-01 5.001933420079496262e-01
8.899498893852567649e-01 4.677191320750667125e-01 5.030958433973135024e-01
8.899646513765357980e-01 4.686484361640715357e-01 5.049948633614037563e-01
8.899777434592991421e-01 4.696184860208601486e-01 5.059211282169099322e-01
8.909858338320761906e-01 4.696807736084969709e-01 5.001535981852752721e-01
8.908957255685672205e-01 4.837479827505112850e-01 5.050462965436883778e-01
8.925490685918230360e-01 5.022908472982198225e-01 4.779675944233053864e-01
8.936943586482526403e-01 4.827186177432438163e-01 4.780048667813765473e-01
8.936102620554003950e-01 5.061482691732197559e-01 4.819032348131822574e-01
8.936617620340254753e-01 5.060996414372417318e-01 4.973797131497930124e-01
8.935896887824865686e-01 5.071149792129769907e-01 4.847128892890714691e-01
8.936086589432252758e-01 5.080606818036063066e-01 4.875842301855317640e-01
8.945782746237997962e-01 4.993169072225529526e-01 4.779465201778368422e-01
8.945186922879584390e-01 5.012939787106684975e-01 4.789899792129770906e-01
8.956121483840596698e-01 4.933937751154223172e-01 4.788853093472110189e-01
8.956280459131295002e-01 4.963925634298032574e-01 4.789032775628402905e-01
8.956094765304345451e-01 4.993044163068552366e-01 4.789333693142937554e-01
8.955743416552635061e-01 5.012943794887122495e-01 4.799696477428163632e-01
8.957003863500310192e-01 5.040368702440987114e-01 4.953933569703299900e-01
8.966162309763989757e-01 4.933706635815645614e-01 4.799163442629941767e-01
8.966209067202430827e-01 5.002967761414141012e-01 4.809656145797691629e-01
8.966723399025275931e-01 5.030336560041877014e-01 4.944243758549913825e-01
8.966559747990734408e-01 5.040686653022382613e-01 4.934216625876350348e-01
8.976751533643948511e-01 4.954450239398067168e-01 4.830249123631993879e-01
8.975772299290323275e-01 5.031795058139516552e-01 4.848551654946118283e-01
8.976081566347436924e-01 5.030744351701418315e-01 4.924772959238183367e-01
8.975649394023565986e-01 5.041265443313935890e-01 4.857856051214072823e-01
8.975621339560501122e-01 5.050522748161746511e-01 4.904734725012807606e-01
8.986013514235603461e-01 4.934150163517423970e-01 4.859415745767766692e-01
8.985962749016725981e-01 4.934406327483737420e-01 4.897065837145160305e-01
8.986380226145658234e-01 4.944244426513320079e-01 4.859458829407472535e-01
8.985783066860433266e-01 4.953640333767936887e-01 4.925602235807096108e-01
8.985844519493811910e-01 4.962933708639687969e-01 4.935123052218689521e-01
8.985948721785192994e-01 4.981825383678162855e-01 4.934741979095399467e-01
8.986082314466452559e-01 5.011819946456035346e-01 4.858431501688594278e-01
8.985741653129243334e-01 5.021355124080864041e-01 4.858244805916535070e-01
8.985290109866589381e-01 5.031046271161062622e-01 4.867401248289996429e-01
8.985474467766725315e-01 5.030866589004769907e-01 4.885750537042561348e-01
8.995296201692853932e-01 5.001135871772383057e-01 4.886750478261781550e-01
