8.086964159755443138e-01 2.672216329300606263e-01 4.465863730121393260e-01
8.086938777146004398e-01 2.672100437649614357e-01 4.476259244613526866e-01
8.086766442587179915e-01 2.681657157094295973e-01 4.476254234887979688e-01
8.086933433438753260e-01 2.690643435790003868e-01 4.456677563376352236e-01
8.086831235037590382e-01 2.700204330005975262e-01 4.456922037983055418e-01
8.096422521588548804e-01 2.643395545218441556e-01 4.486224256690305445e-01
8.096461931429519421e-01 2.652909348014269031e-01 4.496107443249812707e-01
8.096363072845388364e-01 2.672029967510250459e-01 4.505741479458773013e-01
8.096284921126851719e-01 2.681624927859942442e-01 4.505624919844374854e-01
8.096304960029040432e-01 2.690850003473400087e-01 4.505715094904224616e-01
8.097452521161051520e-01 2.941419275286412116e-01 4.302723687585484069e-01
8.097482579514334589e-01 2.951336193997937674e-01 4.313013663859423530e-01
8.106167439722953283e-01 2.681225986715534138e-01 4.535357974948684423e-01
8.105902926214061388e-01 2.709177750406112084e-01 4.534944839581891984e-01
8.105710552753049303e-01 2.787572941603957410e-01 4.515270311431242578e-01
8.105693853667891302e-01 2.816325092446125278e-01 4.495966502971084910e-01
8.105681830326578741e-01 2.836062075175263542e-01 4.475448671019990887e-01
8.105765325752365413e-01 2.845617625683984353e-01 4.465941213876523097e-01
8.106981019151817680e-01 2.970088264684496715e-01 4.311612276633021712e-01
8.106594268339574194e-01 2.969364192352075826e-01 4.331489197695778115e-01
8.106607627607700373e-01 2.969403602193046998e-01 4.341143940770333387e-01
8.114969193527672431e-01 2.635504225536498546e-01 4.535332592339245128e-01
8.115688590116250101e-01 2.738353056066166746e-01 4.545129277637637855e-01
8.115361956010572753e-01 2.845979995831898202e-01 4.505307303244682759e-01
8.115369303608042095e-01 2.856232232173382402e-01 4.495161941048205767e-01
8.115211664244157408e-01 2.874454941860454804e-01 4.476046498268622664e-01
8.115196301085811914e-01 2.883982437906111307e-01 4.466226434251009958e-01
8.115365295827604575e-01 2.893662897571809278e-01 4.456669547815476640e-01
8.115788784627193664e-01 2.922672214325399698e-01 4.427640860123103206e-01
8.116145477086154081e-01 2.970322051876699287e-01 4.369283235187227943e-01
8.116259698828630631e-01 2.979729982472629768e-01 4.350691475718178602e-01
8.124161705925073695e-01 2.663836394386960293e-01 4.151567242540170066e-01
8.124701420357357540e-01 2.892870692971946101e-01 4.485878585627549042e-01
8.124835013038617104e-01 2.941003802047698068e-01 4.436698109930729550e-01
8.126854266415839412e-01 2.980477767505974040e-01 4.234589416253404792e-01
8.127011905779725209e-01 2.989673953702109421e-01 4.243814992839416989e-01
8.127030608755101415e-01 2.998784640582239369e-01 4.263005247520504359e-01
8.126858942159683741e-01 2.999464293348142463e-01 4.291205326607371862e-01
8.134205871665497467e-01 2.902519424375844537e-01 4.495977858348992329e-01
8.134229918348123700e-01 2.950101463641405242e-01 4.446403952205866261e-01
8.134225242604280481e-01 2.969070622435009965e-01 4.415995920079498482e-01
8.136080176983554457e-01 2.999523742091302347e-01 4.350522814958089901e-01
8.144887942458931551e-01 2.558480530202624226e-01 4.573598545977241026e-01
8.144010238543062385e-01 2.845488040783163419e-01 4.563184328509730658e-01
8.144127800102569648e-01 2.865402367796672234e-01 4.553030950752377515e-01
8.143716334644294230e-01 2.921574416467157542e-01 4.495730711888663578e-01
8.143624823657631406e-01 2.968683871622766479e-01 4.436428920677993881e-01
8.146656041595388142e-01 2.991049624337369650e-01 4.215820312499984901e-01
8.147059491492788519e-01 3.009398913089934569e-01 4.233707036593691853e-01
8.147222474563924344e-01 3.019302806515036797e-01 4.243450952782987784e-01
8.147028097212692943e-01 3.029182319275809943e-01 4.263092082763322854e-01
8.146800321691147762e-01 3.028929495126528315e-01 4.272164361747590733e-01
8.153172024623773773e-01 2.490868940235969331e-01 4.553919008101043886e-01
8.154371686901475957e-01 2.518515110668168022e-01 4.573339710157302562e-01
8.155058353283144434e-01 2.588442529764440336e-01 4.604570673200222841e-01
8.154489248460983220e-01 2.702039726455616186e-01 4.091915438504602487e-01
8.154328269280066710e-01 2.730553247370886005e-01 4.091834280950737979e-01
8.153381765133349557e-01 2.835095532126357676e-01 4.582532556536406121e-01
8.153485967424731751e-01 2.864917426363703945e-01 4.572104979800770130e-01
8.153039099905921017e-01 2.894067015432615908e-01 4.542770364868314870e-01
8.152790617518780314e-01 2.930494733776494165e-01 4.505095558844888215e-01
8.152761227128904054e-01 2.939958439316849859e-01 4.495170624572487061e-01
8.152717809507494806e-01 2.968430379510078043e-01 4.455469551556071606e-01
8.154278172024594928e-01 2.999370110507855181e-01 4.396408561153369865e-01
8.154482568826920685e-01 3.009134399581042674e-01 4.368664367091297795e-01
8.157228566390190005e-01 3.029219725226562354e-01 4.253450364975189801e-01
8.160100809037248437e-01 2.332377255044451314e-01 4.352293585948172061e-01
8.163108648255784638e-01 2.463069305211174620e-01 4.545368408537090454e-01
8.163346443228425287e-01 2.472147762856950759e-01 4.554780680895161304e-01
8.164508031591968251e-01 2.518968490830189588e-01 4.583759939295469210e-01
8.163262279839231805e-01 2.854985812457240257e-01 4.592558687264860495e-01
8.163299685789984217e-01 2.874813304227931132e-01 4.582372579300599269e-01
8.162228272486290459e-01 2.912214579236480638e-01 4.543312751154224283e-01
8.162146112987317403e-01 2.930262616492807504e-01 4.524452804377548931e-01
8.167216623204485160e-01 3.019533253890208102e-01 4.233739432818897086e-01
8.173564947417891746e-01 2.471781217937747688e-01 4.564913017805216078e-01
8.173243657019464425e-01 2.737300011756146345e-01 4.641574509982028252e-01
8.173295090201748714e-01 2.845641338384907737e-01 4.612513760046152989e-01
8.183542984781092544e-01 2.480816591943817984e-01 4.574348668882507463e-01
8.184074683652501347e-01 2.519268907372169686e-01 4.593995476551795965e-01
8.183061383165155522e-01 2.855679492454675228e-01 4.622273039393793304e-01
8.183138866920285359e-01 2.874424549525468331e-01 4.612943928479805722e-01
8.185846790569396569e-01 3.028954877735967055e-01 4.243465647977925914e-01
8.193644595374457440e-01 2.519336538667056868e-01 4.594033884447658034e-01
8.192384148426783419e-01 2.699550059849511463e-01 4.660628500128232155e-01
8.192223837209272608e-01 2.755951720940910121e-01 4.650869554762295244e-01
8.192263247050244335e-01 2.874361093001870926e-01 4.622048937670982238e-01
8.194556365424047195e-01 3.038312711076425754e-01 4.261562780544615459e-01
8.203730842809477952e-01 2.519534923798725790e-01 4.594028540740407451e-01
8.201020247306741728e-01 2.571699025040602993e-01 4.006388735999472650e-01
8.202842451479108732e-01 2.759985885933214922e-01 4.005221469946976254e-01
8.202199202718848392e-01 2.835936164073177279e-01 4.641401507459798625e-01
8.201827815064950400e-01 2.951166197311035910e-01 4.564510569852924804e-01
8.202225921255100749e-01 2.970846069168935899e-01 4.545282909221085021e-01
8.204467606446619321e-01 3.029339958639695185e-01 4.243312016394478747e-01
8.211797836867276157e-01 2.942265584922185151e-01 4.584006083810688303e-01
8.219445349905921683e-01 2.553938546030685153e-01 3.978423446049917378e-01
8.220931568484922680e-01 2.835334997007513680e-01 4.650819457506823462e-01
8.221624246537247993e-01 2.932772822973655491e-01 4.603345628313081916e-01
8.240754718493472630e-01 2.923886905779743417e-01 4.631534018040339151e-01
8.251180291338889861e-01 2.808435108690995330e-01 3.947157414928166297e-01
8.250623209858041207e-01 3.000312940855837662e-01 4.574333973687569332e-01
8.250384746921994861e-01 3.009694820878922039e-01 4.564845887482884002e-01
8.260531779026988319e-01 2.808706969797356567e-01 3.937988949213392376e-01
8.258437713748260078e-01 2.844501458832069396e-01 4.660699304249299457e-01
8.259913244912761021e-01 2.923777359781111196e-01 4.641589873140373190e-01
8.259966014021857816e-01 2.990750710713053762e-01 4.593318829621221844e-01
8.269020925957563106e-01 2.904946135430906407e-01 4.650560955668587848e-01
8.269936035824183573e-01 3.019169213833778342e-01 4.574425484674231046e-01
8.270272021417549579e-01 3.029374692736822028e-01 4.555254600931926134e-01
8.277750539714402445e-01 1.912520339485714871e-01 4.116369912790682761e-01
8.277844722554690282e-01 1.922214158419538188e-01 4.106142725076934452e-01
8.277305676085812136e-01 2.544342750726735214e-01 3.902229194275806945e-01
8.278208094647713233e-01 2.875505982280256445e-01 4.660760756882678102e-01
8.279053068356673206e-01 2.914818300594209655e-01 4.651032203851727664e-01
8.279706336568027902e-01 2.980764657788976812e-01 4.622592659883704158e-01
8.280342237730818900e-01 3.019872245318901416e-01 4.583845104629771794e-01
8.288054543219874892e-01 1.883006042396966617e-01 4.116050292300771907e-01
8.288065898597781755e-01 1.883044617283680111e-01 4.126352625897727888e-01
8.287989082806057617e-01 1.883289759853789547e-01 4.136529048392598162e-01
8.287957688525962041e-01 1.892679989419452924e-01 4.105909271866435284e-01
8.287352513679860921e-01 2.697398716708694355e-01 3.881740418732886333e-01
8.288139374572474072e-01 2.733477758154487236e-01 3.880942202462366319e-01
8.288615632481159956e-01 2.885826684870885783e-01 4.660905370960140570e-01
8.290069788816659679e-01 3.000685998418252121e-01 4.612935912918930126e-01
8.290806552453801048e-01 3.020263671874989231e-01 4.593555622648752279e-01
8.297334558823499240e-01 1.863843007224685600e-01 4.125973556664657149e-01
8.297467483541351996e-01 1.863762851615930471e-01 4.136109567373446039e-01
8.297480174846071366e-01 1.873534488286587030e-01 4.106103649217666685e-01
8.297149532959956497e-01 1.883390288346436514e-01 4.165510978646531082e-01
8.296826238671310971e-01 2.459977469594296917e-01 3.883436043839760266e-01
8.297031303437042427e-01 2.706427077098998435e-01 3.872299423948344366e-01
8.297070045314607345e-01 2.715730137440141023e-01 3.872096697054534520e-01
8.298744629574184017e-01 2.760614773480239981e-01 3.890043537854808164e-01
8.307105527530750377e-01 1.854017265518119184e-01 4.126308206331209538e-01
8.307103523640531062e-01 1.854068531709552048e-01 4.136252511542392596e-01
8.307136253847439145e-01 1.864066273993238987e-01 4.106147400820778781e-01
8.307131578103595926e-01 1.873673090693392662e-01 4.095802651547523210e-01
8.306508368245524299e-01 2.421528994955531588e-01 3.875023044737503364e-01
8.316724200581365745e-01 1.864002984460492729e-01 4.095724499828986565e-01
8.316063584772541706e-01 2.412360529240757390e-01 3.865203648683296911e-01
8.318242481403869126e-01 2.896039845353101660e-01 4.661526910909696286e-01
8.319012643211324276e-01 2.972302563376357232e-01 4.641804289393793304e-01
8.326079696049901724e-01 1.844460546073437290e-01 4.193587484503233931e-01
8.326219968365222712e-01 2.412658774901667025e-01 3.855184865552311879e-01
8.335745794502363859e-01 1.834839368160048056e-01 4.136204752158842979e-01
8.335712396332048968e-01 1.835179361533851028e-01 4.174408919181756827e-01
8.335129264278355876e-01 1.844169314028293594e-01 4.202324445857543167e-01
8.335137279839230917e-01 1.863010390838741592e-01 4.230387258464416989e-01
8.337891960926783197e-01 2.896140373845748628e-01 4.661879595588218628e-01
8.346399142869327381e-01 1.834292807102849143e-01 4.105420990616435173e-01
8.349576644793061941e-01 2.917244343685865271e-01 4.054865178266059411e-01
8.356042530565975790e-01 1.824518832560270420e-01 4.114968525564280943e-01
8.355835461910025019e-01 1.824580953157055596e-01 4.125390090629260098e-01
8.355520851145661343e-01 1.824694339945273913e-01 4.135722482579499704e-01
8.355447375170969027e-01 1.824806557797531148e-01 4.145624038132680322e-01
8.355417984781091656e-01 1.824956682573095346e-01 4.155252396652686642e-01
8.355459398512281588e-01 1.834396842403379080e-01 4.192945237688083249e-01
8.354022609225346674e-01 2.209800292300778679e-01 3.836364328616607144e-01
8.357663677753047748e-01 2.844980054612678000e-01 4.662410626496221178e-01
8.357674365167548913e-01 2.855239972533334392e-01 4.662441018831207651e-01
8.357919507737657794e-01 2.895925289628922816e-01 4.661900970417219847e-01
8.366128110037589494e-01 1.824144773052746582e-01 4.104693912448685866e-01
8.366527552154552350e-01 1.833914906805738931e-01 4.075327903236134475e-01
8.363549771289299217e-01 2.180754404550693248e-01 3.836615816839076820e-01
8.363748156420968138e-01 2.209752031944673956e-01 3.826616738628577097e-01
8.367820729309135563e-01 2.855333487410215421e-01 4.662197546169614126e-01
8.367896209174047195e-01 2.865412721229469994e-01 4.662237623973991552e-01
8.367775975760913809e-01 2.885839042193902304e-01 4.662167487816330502e-01
8.368208816048191556e-01 2.917071341163635090e-01 4.054761977919786875e-01
8.375044085584785192e-01 1.824506308246402475e-01 4.164992305061544497e-01
8.375366711910025019e-01 1.862762242433303739e-01 4.037548226957919928e-01
8.377953066219190337e-01 2.855292073679025489e-01 4.661874251880968045e-01
8.377643799162076688e-01 2.885821341163635201e-01 4.662049258293416987e-01
8.384638043989367517e-01 1.853277663036501655e-01 4.037733252821463226e-01
8.384636040099149312e-01 1.862816013487510469e-01 4.028338347511955519e-01
8.384750929805031561e-01 1.900975760943905690e-01 4.298463082998445484e-01
8.384711519964059834e-01 1.919796464870461572e-01 4.317382812499984679e-01
8.394847864654553238e-01 1.814815996120462127e-01 4.104754363136955408e-01
8.394770380899422291e-01 1.814633642110544121e-01 4.114567079557098772e-01
8.394691561217479947e-01 1.814504725173129718e-01 4.124755525393282163e-01
8.397923836140530618e-01 2.865106793989387612e-01 4.661041969476727442e-01
8.397610561302979448e-01 2.885429246644141688e-01 4.661439073721768689e-01
8.404802523298533501e-01 1.814599075004268425e-01 4.135218838171154654e-01
8.403544080241077685e-01 2.091505976936552103e-01 3.827563910738700503e-01
8.401621681557767118e-01 2.611236614013328627e-01 3.853348634148412999e-01
8.407441646716795614e-01 3.117387555040173619e-01 4.563697658387466660e-01
8.412643077761597921e-01 1.834532438974856572e-01 4.028511016052482296e-01
8.413683764748601801e-01 2.082290586792485687e-01 3.827103349970061297e-01
8.423713235294087998e-01 2.072905366952369488e-01 3.826956064038973815e-01
8.426439193955168605e-01 3.117229581694585527e-01 4.573127631775804613e-01
8.433709307669258193e-01 2.082366233648248466e-01 3.817596894771703164e-01
8.441483733755099639e-01 1.814809149495547613e-01 4.057242126047352349e-01
8.444691294032117268e-01 1.891024442116956417e-01 4.317391496024266528e-01
8.444815535225688174e-01 3.127224318142943771e-01 4.572730861512466771e-01
8.451137140902842404e-01 1.814724151152096732e-01 4.048037590308637967e-01
8.462906656121720328e-01 3.145587300145337717e-01 4.525060985058978469e-01
8.472323604223636062e-01 3.145719222918080260e-01 4.543880520049573546e-01
8.481839410909682853e-01 2.160881491268374643e-01 3.797536617753919375e-01
8.481828723495181688e-01 2.180465510377471716e-01 3.797789775884904406e-01
8.479888289799901724e-01 2.669539131968184931e-01 3.892690008870540175e-01
8.493005755172677862e-01 1.881490767409791376e-01 4.326842176278199448e-01
8.489309245682253868e-01 2.660137881006317540e-01 3.893019982793248790e-01
8.502037288389162617e-01 1.852487796308560364e-01 4.307422142185347025e-01
8.500491621067001180e-01 1.862505243512732611e-01 3.960669312692359223e-01
8.501917054976029231e-01 2.180396710146623451e-01 3.797648501624473205e-01
8.511366065321447349e-01 1.852800737164408684e-01 4.307579447567528863e-01
8.511889748631980002e-01 2.170530389663125059e-01 3.797753037897558248e-01
8.511561778599491257e-01 2.878931298627725455e-01 4.007224024239041671e-01
8.512058075410365854e-01 3.145887215714763263e-01 4.447904531998103095e-01
8.521539147999285246e-01 1.881727560437322366e-01 4.327113703402857281e-01
8.521675412534168714e-01 2.878988409498963730e-01 4.007085421832236038e-01
8.520208564893950731e-01 3.125478929762300906e-01 4.602330991898923584e-01
8.527433925059818565e-01 1.805581402028464677e-01 4.000743777252892541e-01
8.527752543604620872e-01 1.805102472266152946e-01 4.020319780801114296e-01
8.528001025991761574e-01 1.804960697033167194e-01 4.040520664115922478e-01
8.530769734310844621e-01 2.878945325859257887e-01 4.006872675487331836e-01
8.529723703616590713e-01 3.124961258122423979e-01 4.602502658494340704e-01
8.529437815278697599e-01 3.135028468600364882e-01 4.592741041274778224e-01
8.538938926769805704e-01 1.815095705796847259e-01 4.184833824063767249e-01
8.538234893339572418e-01 1.824289721111912177e-01 4.222000309935005635e-01
8.540801876709955831e-01 2.840422874273245690e-01 3.988001373332749067e-01
8.539405833190804040e-01 3.124635291980152885e-01 4.602579474286064287e-01
8.539300294972609340e-01 3.145471742476048660e-01 4.447490060704498704e-01
8.547436757224661230e-01 1.805609456491528986e-01 3.990727665975533078e-01
8.547416050359066819e-01 1.815402467991187041e-01 3.980846483306244021e-01
8.549814706951063270e-01 2.112570035963142190e-01 3.797844882865923366e-01
8.548587658173704140e-01 2.972885361448348029e-01 4.157559542258021934e-01
8.549584927539298773e-01 3.134848786444072166e-01 4.592803829834969931e-01
8.548561607600858592e-01 3.145408285952451255e-01 4.457041603432781440e-01
8.549798007865906380e-01 3.145471074512642407e-01 4.563210713064279056e-01
8.559329177710297554e-01 2.849706229693902415e-01 3.997102374743487507e-01
8.558432102855646484e-01 2.868994341014011740e-01 4.006434825474506911e-01
8.558448801940803374e-01 2.878639732600878909e-01 4.015905878612331947e-01
8.559486817074182241e-01 3.097089149068046332e-01 4.601922866257678324e-01
8.559608386414128134e-01 3.115613444233060192e-01 4.602339675423204879e-01
8.558678581352568981e-01 3.135489029369004088e-01 4.447218867561543720e-01
8.559538250256467640e-01 3.134954324662266312e-01 4.582824456544956071e-01
8.559166862602568537e-01 3.145560247627382511e-01 4.553696242305045327e-01
8.568725418946617767e-01 3.135417223302827128e-01 4.573082878227582859e-01
8.575337588705509440e-01 1.804973388337886842e-01 4.049961658900464445e-01
8.575560020519804594e-01 1.814656185875506422e-01 4.184339865124814262e-01
8.578415564081706135e-01 2.858623541167910620e-01 4.006302902701763813e-01
8.577016848708929331e-01 2.897320999166371203e-01 4.043924605634390268e-01
8.578621296810844399e-01 3.125255496002895539e-01 4.573402832699197118e-01
8.578370810533485491e-01 3.135513744015036575e-01 4.553947730527514448e-01
8.585203408216453003e-01 1.805077256647565354e-01 4.020528519365580422e-01
8.587308828873088107e-01 2.868213491792055425e-01 4.015563547366606811e-01
8.586866637098122812e-01 2.878238286593696738e-01 4.025321824769137469e-01
8.586782473708929331e-01 2.887862971314968941e-01 4.034943503655081254e-01
8.585099205925071919e-01 2.944563045058128936e-01 4.119496315513835882e-01
8.588278711739025795e-01 3.135237875128237817e-01 4.524579717424744296e-01
8.594269675530065156e-01 1.804720063216050385e-01 4.039934192245197564e-01
8.594051251496207522e-01 1.815181205112852691e-01 4.184803431728781331e-01
8.595858092510229032e-01 2.906247996109770915e-01 4.062279906057612022e-01
8.595579551769805260e-01 2.924910893681589852e-01 4.090181071520163081e-01
8.605582303779039099e-01 2.878343490830188034e-01 4.034401785332578094e-01
8.607015753248943302e-01 3.039671348644825133e-01 4.282969337807782106e-01
8.608283547794086665e-01 3.057255485315481525e-01 4.573267236127719348e-01
8.607472640218847282e-01 3.125471248183128159e-01 4.524738024752035792e-01
8.615098110465085890e-01 2.906318466249134813e-01 4.071729918348138688e-01
8.614422131497917468e-01 2.944587425722458573e-01 4.129438950816503584e-01
8.617514802069052848e-01 3.115327555895166523e-01 4.524714312051112408e-01
8.624692068869668216e-01 2.915183342595749072e-01 4.090071859503234264e-01
8.624018761756124807e-01 2.934344874850365881e-01 4.119253844797352015e-01
8.626292509191145763e-01 3.029682957848826574e-01 4.273059432712023042e-01
8.627565647443539154e-01 3.066662747948005197e-01 4.553623434293759265e-01
8.627371270092308864e-01 3.076671845609599276e-01 4.553742331780079589e-01
8.626953124999968692e-01 3.105644424375844093e-01 4.524549993053164632e-01
8.627004558182254090e-01 3.105703539137300573e-01 4.534479603069409004e-01
8.634302726359408542e-01 2.867799354480153884e-01 4.052815532553850075e-01
8.634016838021515428e-01 2.914998316732205774e-01 4.099019897293931791e-01
8.634772304634031892e-01 3.020975052902690750e-01 4.264061965629259432e-01
8.643166600760913143e-01 1.805155408366101721e-01 4.039285933759390601e-01
8.643648202376850165e-01 1.815088024217674789e-01 4.009229584366435506e-01
8.645732916167889748e-01 2.015128703189117410e-01 3.827915259490410338e-01
8.643412411294428832e-01 2.868083238927828238e-01 4.062121598730320526e-01
8.644463785695933877e-01 3.021131690321466334e-01 4.273788180788288260e-01
8.652769242689777318e-01 1.805142383079678947e-01 4.049024172259732546e-01
8.652267602171651584e-01 2.887772796255119734e-01 4.090154019002208430e-01
8.653774527616248102e-01 3.011910455497595063e-01 4.264939335563425193e-01
8.662461391715085002e-01 1.814721312307620016e-01 4.019499187756483405e-01
8.665336974179175256e-01 2.015827559902950983e-01 3.827736579279227280e-01
8.672269098409681742e-01 1.901329447567537689e-01 4.298844490103438942e-01
8.674052560704483827e-01 1.986627372606012132e-01 3.837178909990581199e-01
8.672535615808792953e-01 2.964317060854127495e-01 4.198804946669786875e-01
8.672274442116931770e-01 2.973500221763840101e-01 4.208103331267084579e-01
8.673021893168573193e-01 2.992640045207752841e-01 4.256561070558295135e-01
8.681124289286904494e-01 1.834397844348488738e-01 3.998811359118487618e-01
8.683253756626165831e-01 1.949399768083098228e-01 3.855409969220232602e-01
8.682147609225344675e-01 2.867884519814456468e-01 4.110831494207406456e-01
8.682359353625139775e-01 2.876142217424750291e-01 4.119821279710997319e-01
8.683992524153525405e-01 2.953078910524954970e-01 4.237333075944752503e-01
8.683434106745865355e-01 2.963163488051460126e-01 4.218250363372078038e-01
8.691702825752363193e-01 1.805425432573095346e-01 4.068793551214075488e-01
8.690527878120694050e-01 1.844219912256320482e-01 3.989078464325396256e-01
8.693034076821104517e-01 1.959148693997941060e-01 3.846358063119856285e-01
8.701629429933279702e-01 1.834061524773420160e-01 4.009646727513665465e-01
8.701928009575892187e-01 1.940669653353703783e-01 3.864578434935006523e-01
8.702366861533826770e-01 1.950027486694161927e-01 3.855511833639692076e-01
8.704205764791350664e-01 1.987555674749907353e-01 3.837243368459288817e-01
8.711807856318368737e-01 1.815103387376019450e-01 4.048842152231517666e-01
8.711784477599148202e-01 1.824500296575745917e-01 4.029760775585655708e-01
8.710166002265700147e-01 1.921701496505208440e-01 4.299592943100190023e-01
8.711654224734920460e-01 1.931646636670649730e-01 3.873841751453474536e-01
8.711747739611801489e-01 1.941078947930909571e-01 3.864654582763323853e-01
8.721727112901815904e-01 1.960301431846350750e-01 3.855877877586340596e-01
8.722480575624114163e-01 1.979287122734260940e-01 3.856231230228269191e-01
8.722029700324865908e-01 2.770582791392346422e-01 4.141596218792734652e-01
8.722117203531090102e-01 2.780010760890465615e-01 4.151391234182611467e-01
8.731011804249284580e-01 1.843623253943649232e-01 4.010592563696975810e-01
8.730100702163101634e-01 1.863149661208953756e-01 3.980214255942188251e-01
8.730933652530749045e-01 1.922904331609090189e-01 3.901791678244684869e-01
8.731854774068026348e-01 1.960844987068221523e-01 3.865517925465957183e-01
8.731824047751336471e-01 1.970260599243323918e-01 3.865455470887468881e-01
8.740535626496206412e-01 1.873941444991870930e-01 3.970030485849849189e-01
8.750670635259886199e-01 1.863718432049411844e-01 3.990637156933980467e-01
8.758051630899421625e-01 1.854206633143803129e-01 4.241867545528370531e-01
8.760402194126165609e-01 1.884170302614134873e-01 3.970306354736647947e-01
8.760813659584442137e-01 1.913838565268033420e-01 3.960735107087879348e-01
8.769391645648053624e-01 1.815549419940571396e-01 4.087281442373446594e-01
8.768785134875139997e-01 1.815677668914579546e-01 4.146315046276489724e-01
8.767468579001336249e-01 1.834911007235373037e-01 4.213033569168931347e-01
8.770196541552636171e-01 1.884104007246060197e-01 3.990704621238015948e-01
8.778968904967479059e-01 1.815859688942794425e-01 4.096886756155936338e-01
8.779074443185672649e-01 1.816075942095581597e-01 4.125880709751182374e-01
8.779008982771856484e-01 1.825398540366358069e-01 4.077484757075053867e-01
8.788643018980816235e-01 1.825532801011022777e-01 4.097246454450224618e-01
8.788873466355987540e-01 1.835782031517178836e-01 4.087277100611305669e-01
8.806837006241418075e-01 1.835120747744949099e-01 4.193513340565135361e-01
8.817006749102225260e-01 1.845956617112681497e-01 4.192998006797180599e-01
8.826330182327259966e-01 1.883599193901754620e-01 4.250635901162775343e-01
8.835911449427122921e-01 1.865261594508799692e-01 4.222198361084971152e-01
8.835642928137793506e-01 1.865053857889442668e-01 4.231770276697146005e-01
8.835756481916863248e-01 1.874602394782397541e-01 4.231273645904567449e-01
